6.120000000000000000e+02 1.705799999999999841e+02
6.122000000000000455e+02 1.716166666666666742e+02
6.123999999999999773e+02 1.706857142857142833e+02
6.126000000000000227e+02 1.706750000000000114e+02
6.127999999999999545e+02 1.716222222222222342e+02
6.130000000000000000e+02 1.719222222222222172e+02
6.132000000000000455e+02 1.733111111111111029e+02
6.133999999999999773e+02 1.731999999999999602e+02
6.136000000000000227e+02 1.721666666666666572e+02
6.137999999999999545e+02 1.731888888888888971e+02
6.140000000000000000e+02 1.723444444444444628e+02
6.142000000000000455e+02 1.733777777777777942e+02
6.143999999999999773e+02 1.742000000000000171e+02
6.146000000000000227e+02 1.722666666666666515e+02
6.147999999999999545e+02 1.672222222222222570e+02
6.150000000000000000e+02 1.604111111111111256e+02
6.152000000000000455e+02 1.594555555555555770e+02
6.153999999999999773e+02 1.607333333333333485e+02
6.156000000000000227e+02 1.594888888888889085e+02
6.157999999999999545e+02 1.589444444444444287e+02
6.160000000000000000e+02 1.579777777777777601e+02
6.162000000000000455e+02 1.568555555555555827e+02
6.163999999999999773e+02 1.578666666666666742e+02
6.166000000000000227e+02 1.629444444444444287e+02
6.167999999999999545e+02 1.709000000000000057e+02
6.170000000000000000e+02 1.742666666666666515e+02
6.172000000000000455e+02 1.749111111111111256e+02
6.173999999999999773e+02 1.752666666666666515e+02
6.176000000000000227e+02 1.773777777777777658e+02
6.177999999999999545e+02 1.779777777777777601e+02
6.180000000000000000e+02 1.779222222222222456e+02
6.182000000000000455e+02 1.780666666666666913e+02
6.183999999999999773e+02 1.765222222222222399e+02
6.186000000000000227e+02 1.741999999999999886e+02
6.187999999999999545e+02 1.711111111111111143e+02
6.190000000000000000e+02 1.684777777777777601e+02
6.192000000000000455e+02 1.654149999999999920e+02
6.193999999999999773e+02 1.642454545454545212e+02
6.196000000000000227e+02 1.647291666666666572e+02
6.197999999999999545e+02 1.658461538461538396e+02
6.200000000000000000e+02 1.649678571428571558e+02
6.200000000000000000e+02 1.649678571428571558e+02
6.202000000000000455e+02 1.657599999999999625e+02
6.202000000000000455e+02 1.657599999999999625e+02
6.203999999999999773e+02 1.665281249999999886e+02
6.203999999999999773e+02 1.665281249999999886e+02
6.206000000000000227e+02 1.664117647058823479e+02
6.206000000000000227e+02 1.664117647058823479e+02
6.207999999999999545e+02 1.657694444444444457e+02
6.207999999999999545e+02 1.657694444444444457e+02
6.210000000000000000e+02 1.653527777777777601e+02
6.210000000000000000e+02 1.653527777777777601e+02
6.212000000000000455e+02 1.642583333333333258e+02
6.212000000000000455e+02 1.642583333333333258e+02
6.213999999999999773e+02 1.616250000000000000e+02
6.213999999999999773e+02 1.616250000000000000e+02
6.216000000000000227e+02 1.586861111111111029e+02
6.216000000000000227e+02 1.586861111111111029e+02
6.217999999999999545e+02 1.560138888888889142e+02
6.217999999999999545e+02 1.560138888888889142e+02
6.220000000000000000e+02 1.519305555555555713e+02
6.220000000000000000e+02 1.519305555555555713e+02
6.222000000000000455e+02 1.485527777777778056e+02
6.222000000000000455e+02 1.485527777777778056e+02
6.223999999999999773e+02 1.462749999999999773e+02
6.223999999999999773e+02 1.462749999999999773e+02
6.226000000000000227e+02 1.445305555555555941e+02
6.226000000000000227e+02 1.445305555555555941e+02
6.227999999999999545e+02 1.434305555555555429e+02
6.227999999999999545e+02 1.434305555555555429e+02
6.230000000000000000e+02 1.423361111111111086e+02
6.230000000000000000e+02 1.423361111111111086e+02
6.232000000000000455e+02 1.420194444444444741e+02
6.232000000000000455e+02 1.420194444444444741e+02
6.233999999999999773e+02 1.417361111111111143e+02
6.233999999999999773e+02 1.417361111111111143e+02
6.236000000000000227e+02 1.423972222222222399e+02
6.236000000000000227e+02 1.423972222222222399e+02
6.237999999999999545e+02 1.427416666666666742e+02
6.237999999999999545e+02 1.427416666666666742e+02
6.240000000000000000e+02 1.437527777777777658e+02
6.240000000000000000e+02 1.437527777777777658e+02
6.242000000000000455e+02 1.448750000000000284e+02
6.242000000000000455e+02 1.448750000000000284e+02
6.243999999999999773e+02 1.468323529411764810e+02
6.243999999999999773e+02 1.468323529411764810e+02
6.246000000000000227e+02 1.488156250000000114e+02
6.246000000000000227e+02 1.488156250000000114e+02
6.247999999999999545e+02 1.509366666666666390e+02
6.247999999999999545e+02 1.509366666666666390e+02
6.250000000000000000e+02 1.542750000000000341e+02
6.250000000000000000e+02 1.542750000000000341e+02
6.252000000000000455e+02 1.574576923076922981e+02
6.253999999999999773e+02 1.595124999999999886e+02
6.256000000000000227e+02 1.639409090909090878e+02
6.257999999999999545e+02 1.655349999999999966e+02
6.260000000000000000e+02 1.647277777777777601e+02
6.262000000000000455e+02 1.595166666666666799e+02
6.263999999999999773e+02 1.575388888888888914e+02
6.266000000000000227e+02 1.560388888888888914e+02
6.267999999999999545e+02 1.517277777777777601e+02
6.270000000000000000e+02 1.484611111111111086e+02
6.272000000000000455e+02 1.469611111111111086e+02
6.273999999999999773e+02 1.467944444444444230e+02
6.276000000000000227e+02 1.482611111111110915e+02
6.277999999999999545e+02 1.481055555555555543e+02
6.280000000000000000e+02 1.487833333333333314e+02
6.282000000000000455e+02 1.470722222222222229e+02
6.283999999999999773e+02 1.422722222222222115e+02
6.286000000000000227e+02 1.388055555555555429e+02
6.287999999999999545e+02 1.364277777777778056e+02
6.290000000000000000e+02 1.334944444444444116e+02
6.292000000000000455e+02 1.284722222222222285e+02
6.293999999999999773e+02 1.259833333333333201e+02
6.296000000000000227e+02 1.279277777777777914e+02
6.297999999999999545e+02 1.291277777777777658e+02
6.300000000000000000e+02 1.270833333333333286e+02
6.302000000000000455e+02 1.273166666666666629e+02
6.303999999999999773e+02 1.299611111111111086e+02
6.306000000000000227e+02 1.310055555555555316e+02
6.307999999999999545e+02 1.311166666666666458e+02
6.310000000000000000e+02 1.328388888888888744e+02
6.312000000000000455e+02 1.318499999999999943e+02
6.313999999999999773e+02 1.285277777777777715e+02
6.316000000000000227e+02 1.265611111111111029e+02
6.317999999999999545e+02 1.261722222222222172e+02
6.320000000000000000e+02 1.243611111111111143e+02
6.322000000000000455e+02 1.220388888888888772e+02
6.323999999999999773e+02 1.197166666666666686e+02
6.326000000000000227e+02 1.194277777777777629e+02
6.327999999999999545e+02 1.196944444444444429e+02
6.330000000000000000e+02 1.190055555555555458e+02
6.332000000000000455e+02 1.193388888888888886e+02
6.333999999999999773e+02 1.186833333333333371e+02
6.336000000000000227e+02 1.169944444444444542e+02
6.337999999999999545e+02 1.147166666666666686e+02
6.340000000000000000e+02 1.129500000000000028e+02
6.342000000000000455e+02 1.116150000000000091e+02
6.343999999999999773e+02 1.084409090909090878e+02
6.346000000000000227e+02 1.043458333333333456e+02
6.347999999999999545e+02 9.991923076923077929e+01
6.350000000000000000e+02 9.752499999999999147e+01
6.350000000000000000e+02 9.752499999999999147e+01
6.352000000000000455e+02 9.598333333333332007e+01
6.352000000000000455e+02 9.598333333333332007e+01
6.353999999999999773e+02 9.554687500000000000e+01
6.353999999999999773e+02 9.554687500000000000e+01
6.356000000000000227e+02 9.732058823529412450e+01
6.356000000000000227e+02 9.732058823529412450e+01
6.357999999999999545e+02 9.669166666666666288e+01
6.357999999999999545e+02 9.669166666666666288e+01
6.360000000000000000e+02 9.575833333333333997e+01
6.360000000000000000e+02 9.575833333333333997e+01
6.362000000000000455e+02 9.500277777777777999e+01
6.362000000000000455e+02 9.500277777777777999e+01
6.363999999999999773e+02 9.548055555555555429e+01
6.363999999999999773e+02 9.548055555555555429e+01
6.366000000000000227e+02 9.637500000000000000e+01
6.366000000000000227e+02 9.637500000000000000e+01
6.367999999999999545e+02 9.630833333333333712e+01
6.367999999999999545e+02 9.630833333333333712e+01
6.370000000000000000e+02 9.598055555555555429e+01
6.370000000000000000e+02 9.598055555555555429e+01
6.372000000000000455e+02 9.561388888888889426e+01
6.372000000000000455e+02 9.561388888888889426e+01
6.373999999999999773e+02 9.329166666666668561e+01
6.373999999999999773e+02 9.329166666666668561e+01
6.376000000000000227e+02 9.145277777777778283e+01
6.376000000000000227e+02 9.145277777777778283e+01
6.377999999999999545e+02 8.925277777777777999e+01
6.377999999999999545e+02 8.925277777777777999e+01
6.380000000000000000e+02 8.791388888888887720e+01
6.380000000000000000e+02 8.791388888888887720e+01
6.382000000000000455e+02 8.496944444444444855e+01
6.382000000000000455e+02 8.496944444444444855e+01
6.383999999999999773e+02 8.350833333333333997e+01
6.383999999999999773e+02 8.350833333333333997e+01
6.386000000000000227e+02 8.238055555555555998e+01
6.386000000000000227e+02 8.238055555555555998e+01
6.387999999999999545e+02 8.115833333333333144e+01
6.387999999999999545e+02 8.115833333333333144e+01
6.390000000000000000e+02 8.044166666666666288e+01
6.390000000000000000e+02 8.044166666666666288e+01
6.392000000000000455e+02 8.101944444444444571e+01
6.392000000000000455e+02 8.101944444444444571e+01
6.393999999999999773e+02 8.149411764705881467e+01
6.393999999999999773e+02 8.149411764705881467e+01
6.396000000000000227e+02 8.139062500000000000e+01
6.396000000000000227e+02 8.139062500000000000e+01
6.397999999999999545e+02 8.157333333333332348e+01
6.397999999999999545e+02 8.157333333333332348e+01
6.400000000000000000e+02 8.179642857142856371e+01
6.400000000000000000e+02 8.179642857142856371e+01
6.402000000000000455e+02 8.190769230769231513e+01
6.403999999999999773e+02 8.147916666666667140e+01
6.406000000000000227e+02 8.105454545454546178e+01
6.407999999999999545e+02 7.922500000000000853e+01
6.410000000000000000e+02 7.624444444444444002e+01
6.412000000000000455e+02 7.554444444444445139e+01
6.413999999999999773e+02 7.461111111111111427e+01
6.416000000000000227e+02 7.355555555555555713e+01
6.417999999999999545e+02 7.306666666666666288e+01
6.420000000000000000e+02 7.113333333333333997e+01
6.422000000000000455e+02 6.972222222222222854e+01
6.423999999999999773e+02 6.848888888888888005e+01
6.426000000000000227e+02 6.776666666666666572e+01
6.427999999999999545e+02 6.641111111111109722e+01
6.430000000000000000e+02 6.473333333333332007e+01
6.432000000000000455e+02 6.283333333333333570e+01
6.433999999999999773e+02 6.166666666666666430e+01
6.436000000000000227e+02 6.095555555555554861e+01
6.437999999999999545e+02 6.004444444444444429e+01
6.440000000000000000e+02 5.919999999999999574e+01
6.442000000000000455e+02 5.917777777777777715e+01
6.443999999999999773e+02 5.856666666666666998e+01
6.446000000000000227e+02 5.880000000000000426e+01
6.447999999999999545e+02 5.904444444444444429e+01
6.450000000000000000e+02 5.963333333333333997e+01
6.452000000000000455e+02 5.872222222222222143e+01
6.453999999999999773e+02 5.708888888888889568e+01
6.456000000000000227e+02 5.702222222222222570e+01
6.457999999999999545e+02 5.515555555555555856e+01
6.460000000000000000e+02 5.258888888888888857e+01
6.462000000000000455e+02 5.105555555555555713e+01
6.463999999999999773e+02 4.851111111111111285e+01
6.466000000000000227e+02 4.644444444444444287e+01
6.467999999999999545e+02 4.477777777777777857e+01
6.470000000000000000e+02 4.445555555555555571e+01
6.472000000000000455e+02 4.414444444444444571e+01
6.473999999999999773e+02 4.226666666666667282e+01
6.476000000000000227e+02 4.112222222222222001e+01
6.477999999999999545e+02 4.025555555555555287e+01
6.480000000000000000e+02 3.858888888888888857e+01
6.482000000000000455e+02 3.875555555555555998e+01
6.483999999999999773e+02 3.827777777777777146e+01
6.486000000000000227e+02 3.814444444444444571e+01
6.487999999999999545e+02 3.700000000000000000e+01
6.490000000000000000e+02 3.533333333333333570e+01
6.492000000000000455e+02 3.564249999999999829e+01
6.493999999999999773e+02 3.607499999999999574e+01
6.496000000000000227e+02 3.488749999999999574e+01
6.497999999999999545e+02 3.542999999999999261e+01
6.500000000000000000e+02 3.443249999999999744e+01
6.500000000000000000e+02 3.443249999999999744e+01
6.502000000000000455e+02 3.515500000000000114e+01
6.503999999999999773e+02 3.486749999999999972e+01
6.506000000000000227e+02 3.356000000000000227e+01
6.507999999999999545e+02 3.291249999999999432e+01
6.510000000000000000e+02 3.149166666666666003e+01
6.512000000000000455e+02 3.125833333333333286e+01
6.513999999999999773e+02 3.231388888888888999e+01
6.516000000000000227e+02 3.138055555555555642e+01
6.517999999999999545e+02 3.031388888888888644e+01
6.520000000000000000e+02 2.811388888888888715e+01
6.522000000000000455e+02 2.762499999999999645e+01
6.523999999999999773e+02 2.914722222222222214e+01
6.526000000000000227e+02 3.061388888888888715e+01
6.527999999999999545e+02 3.070277777777777573e+01
6.530000000000000000e+02 2.975833333333333286e+01
6.532000000000000455e+02 2.955833333333333712e+01
6.533999999999999773e+02 3.029166666666666785e+01
6.536000000000000227e+02 3.009166666666666501e+01
6.537999999999999545e+02 2.976944444444444571e+01
6.540000000000000000e+02 2.954722222222221717e+01
6.542000000000000455e+02 2.826944444444443860e+01
6.543999999999999773e+02 2.796944444444444144e+01
6.546000000000000227e+02 2.795833333333332860e+01
6.547999999999999545e+02 2.729166666666666430e+01
6.550000000000000000e+02 2.569166666666666288e+01
6.552000000000000455e+02 2.382499999999999929e+01
6.553999999999999773e+02 2.413611111111110930e+01
6.556000000000000227e+02 2.460277777777777786e+01
6.557999999999999545e+02 2.474722222222222001e+01
6.560000000000000000e+02 2.439166666666666572e+01
6.562000000000000455e+02 2.378055555555555145e+01
6.563999999999999773e+02 2.259166666666666856e+01
6.566000000000000227e+02 2.330277777777777715e+01
6.567999999999999545e+02 2.309166666666666501e+01
6.570000000000000000e+02 2.219166666666666998e+01
6.572000000000000455e+02 2.049166666666666714e+01
6.573999999999999773e+02 1.965833333333333499e+01
6.576000000000000227e+02 1.842499999999999716e+01
6.577999999999999545e+02 1.760277777777777430e+01
6.580000000000000000e+02 1.629166666666666785e+01
6.582000000000000455e+02 1.553611111111110610e+01
6.583999999999999773e+02 1.380277777777777715e+01
6.586000000000000227e+02 1.349166666666666536e+01
6.587999999999999545e+02 1.402499999999999858e+01
6.590000000000000000e+02 1.405833333333333002e+01
6.592000000000000455e+02 1.284722222222222143e+01
6.593999999999999773e+02 1.261388888888888715e+01
6.596000000000000227e+02 1.180277777777777537e+01
6.597999999999999545e+02 1.192499999999999893e+01
6.600000000000000000e+02 1.239166666666666572e+01
6.602000000000000455e+02 1.101388888888888751e+01
6.603999999999999773e+02 9.536111111111109651e+00
6.606000000000000227e+02 8.513888888888889284e+00
6.607999999999999545e+02 8.391666666666663943e+00
6.610000000000000000e+02 8.447222222222219301e+00
6.612000000000000455e+02 7.524999999999999467e+00
6.613999999999999773e+02 7.787499999999998757e+00
6.616000000000000227e+02 6.953571428571427404e+00
6.617999999999999545e+02 5.708333333333332149e+00
6.620000000000000000e+02 7.525000000000000355e+00
