0.000	580.000	-280.500	0.000
1.000	579.800	-273.033	8.295
2.000	579.600	-264.400	20.301
3.000	579.400	-269.233	32.308
4.000	579.200	-265.267	44.300
5.000	579.000	-248.333	56.307
6.000	578.800	-222.433	68.297
7.000	578.600	-211.433	80.308
8.000	578.400	-261.333	92.305
9.000	578.200	-296.600	104.300
10.000	578.000	-277.900	116.302
11.000	577.800	-305.300	128.303
12.000	577.600	-297.900	140.309
13.000	577.400	-291.100	152.303
14.000	577.200	-245.100	164.304
15.000	577.000	-268.033	176.302
16.000	576.800	-258.733	188.306
17.000	576.600	-257.767	200.303
18.000	576.400	-275.533	212.316
19.000	576.200	-275.100	224.307
20.000	576.000	-298.333	236.310
21.000	575.800	-301.833	248.314
22.000	575.600	-339.733	260.307
23.000	575.400	-341.033	272.305
24.000	575.200	-372.500	284.311
25.000	575.000	-321.600	296.308
26.000	574.800	-279.767	308.315
27.000	574.600	-287.933	320.309
28.000	574.400	-312.967	332.311
29.000	574.200	-342.033	344.312
30.000	574.000	-324.633	356.312
31.000	573.800	-319.767	368.317
32.000	573.600	-309.500	380.313
33.000	573.400	-281.767	392.316
34.000	573.200	-273.400	404.315
35.000	573.000	-297.467	416.313
36.000	572.800	-319.367	428.312
37.000	572.600	-330.800	440.314
38.000	572.400	-315.567	452.314
39.000	572.200	-277.033	464.323
40.000	572.000	-292.067	476.314
41.000	571.800	-296.033	488.323
42.000	571.600	-310.533	500.322
43.000	571.400	-326.700	512.316
44.000	571.200	-299.733	524.319
45.000	571.000	-290.633	536.320
46.000	570.800	-315.167	548.319
47.000	570.600	-308.333	560.316
48.000	570.400	-334.600	572.324
49.000	570.200	-313.667	584.318
50.000	570.000	-312.367	596.322
51.000	569.800	-319.167	608.322
52.000	569.600	-332.700	620.321
53.000	569.400	-322.600	632.329
54.000	569.200	-301.233	644.322
55.000	569.000	-353.333	656.324
56.000	568.800	-287.667	668.329
57.000	568.600	-303.600	680.325
58.000	568.400	-300.433	692.322
59.000	568.200	-283.067	704.322
60.000	568.000	-296.267	716.331
61.000	567.800	-258.167	728.323
62.000	567.600	-258.033	740.334
63.000	567.400	-258.067	752.326
64.000	567.200	-266.300	764.336
65.000	567.000	-254.767	776.327
66.000	566.800	-246.867	788.328
67.000	566.600	-186.067	800.329
68.000	566.400	-193.033	812.337
69.000	566.200	-212.033	824.327
70.000	566.000	-226.367	836.338
71.000	565.800	-250.700	848.333
72.000	565.600	-231.900	860.336
73.000	565.400	-250.300	872.335
74.000	565.200	-229.133	884.333
75.000	565.000	-195.600	896.332
76.000	564.800	0.000	908.340
