0.000	525.000	-25.933	0.000
1.000	524.800	-27.600	22.509
2.000	524.600	-35.000	47.503
3.000	524.400	-30.933	72.505
4.000	524.200	-25.933	97.507
5.000	524.000	-26.867	122.507
6.000	523.800	-31.000	147.506
7.000	523.600	-28.267	172.508
8.000	523.400	-36.467	197.507
9.000	523.200	-36.400	222.509
10.000	523.000	-34.333	247.508
11.000	522.800	-39.733	272.516
12.000	522.600	-47.000	297.509
13.000	522.400	-61.800	322.512
14.000	522.200	-54.067	347.524
15.000	522.000	-49.067	372.524
16.000	521.800	-50.733	397.516
17.000	521.600	-56.533	422.516
18.000	521.400	-61.133	447.518
19.000	521.200	-54.333	472.517
20.000	521.000	-50.867	497.521
21.000	520.800	-59.400	522.518
22.000	520.600	-56.333	547.525
23.000	520.400	-67.000	572.519
24.000	520.200	-59.067	597.528
25.000	520.000	-68.733	622.522
26.000	519.800	-65.600	647.523
27.000	519.600	-60.867	672.527
28.000	519.400	-59.800	697.527
29.000	519.200	-76.933	722.535
30.000	519.000	-71.800	747.526
31.000	518.800	-72.133	772.535
32.000	518.600	-79.533	797.531
33.000	518.400	-76.333	822.532
34.000	518.200	-70.867	847.539
35.000	518.000	-67.333	872.540
36.000	517.800	-58.133	897.543
37.000	517.600	-65.800	922.535
38.000	517.400	-69.733	947.542
39.000	517.200	-58.067	972.539
40.000	517.000	-70.000	997.536
41.000	516.800	-70.933	1022.539
42.000	516.600	-69.733	1047.547
43.000	516.400	-65.733	1072.539
44.000	516.200	-61.267	1097.545
45.000	516.000	-59.467	1122.541
46.000	515.800	-61.400	1147.545
47.000	515.600	-74.000	1172.544
48.000	515.400	-86.867	1197.554
49.000	515.200	-81.600	1222.544
50.000	515.000	-86.267	1247.548
51.000	514.800	-84.467	1272.546
52.000	514.600	-77.867	1297.548
53.000	514.400	-93.333	1322.556
54.000	514.200	-95.133	1347.549
55.000	514.000	-82.600	1372.549
56.000	513.800	-81.400	1397.558
57.000	513.600	-84.000	1422.557
58.000	513.400	-86.067	1447.553
59.000	513.200	-85.533	1472.553
60.000	513.000	-77.333	1497.557
61.000	512.800	-83.200	1522.563
62.000	512.600	-89.467	1547.560
63.000	512.400	-93.733	1572.563
64.000	512.200	-97.333	1597.561
65.000	512.000	-104.333	1622.569
66.000	511.800	-117.467	1647.565
67.000	511.600	-106.000	1672.565
68.000	511.400	-108.400	1697.571
69.000	511.200	-115.800	1722.567
70.000	511.000	-119.933	1747.573
71.000	510.800	-127.267	1772.625
72.000	510.600	-125.667	1797.552
73.000	510.400	-110.133	1822.649
74.000	510.200	-101.000	1847.559
75.000	510.000	-104.200	1872.645
76.000	509.800	0.000	1897.553
