0.000	525.000	-215.467	0.000
1.000	524.800	-221.133	0.274
2.000	524.600	-222.733	12.240
3.000	524.400	-228.600	24.241
4.000	524.200	-243.400	36.241
5.000	524.000	-242.067	48.241
6.000	523.800	-216.467	60.248
7.000	523.600	-229.933	72.243
8.000	523.400	-200.533	84.251
9.000	523.200	-198.133	96.252
10.000	523.000	-194.933	108.252
11.000	522.800	-201.400	120.253
12.000	522.600	-254.733	132.245
13.000	522.400	-271.867	144.254
14.000	522.200	-267.400	156.243
15.000	522.000	-278.800	168.248
16.000	521.800	-245.867	180.164
17.000	521.600	-249.067	192.250
18.000	521.400	-277.467	204.248
19.000	521.200	-317.600	216.246
20.000	521.000	-291.133	228.251
21.000	520.800	-276.067	240.247
22.000	520.600	-300.933	252.249
23.000	520.400	-305.867	264.251
24.000	520.200	-272.533	276.249
25.000	520.000	-284.933	288.253
26.000	519.800	-315.667	300.281
27.000	519.600	-281.533	312.250
28.000	519.400	-252.867	324.254
29.000	519.200	-302.400	336.249
30.000	519.000	-291.200	348.251
31.000	518.800	-308.667	360.281
32.000	518.600	-324.200	372.252
33.000	518.400	-309.400	384.173
34.000	518.200	-336.867	396.171
35.000	518.000	-317.267	408.171
36.000	517.800	-354.133	420.173
37.000	517.600	-315.800	432.283
38.000	517.400	-332.000	444.254
39.000	517.200	-328.800	456.169
40.000	517.000	-334.400	468.281
41.000	516.800	-325.267	480.168
42.000	516.600	-385.667	492.174
43.000	516.400	-371.800	504.169
44.000	516.200	-366.800	516.170
45.000	516.000	-395.067	528.172
46.000	515.800	-381.800	540.282
47.000	515.600	-394.200	552.171
48.000	515.400	-405.533	564.179
49.000	515.200	-432.800	576.171
50.000	515.000	-489.133	588.178
51.000	514.800	-455.333	600.279
52.000	514.600	-466.800	612.175
53.000	514.400	-490.133	624.178
54.000	514.200	-490.467	636.177
55.000	514.000	-514.400	648.282
56.000	513.800	-481.800	660.177
57.000	513.600	-520.333	672.171
58.000	513.400	-523.867	684.173
59.000	513.200	-519.133	696.179
60.000	513.000	-519.800	708.172
61.000	512.800	-501.733	720.173
62.000	512.600	-557.000	732.173
63.000	512.400	-599.533	744.292
64.000	512.200	-660.133	756.172
65.000	512.000	-640.600	768.180
66.000	511.800	-635.000	780.173
67.000	511.600	-564.267	792.181
68.000	511.400	-599.733	804.182
69.000	511.200	-591.000	816.181
70.000	511.000	-593.000	828.287
71.000	510.800	-616.000	840.289
72.000	510.600	-593.133	852.294
73.000	510.400	-597.333	864.172
74.000	510.200	-581.200	876.170
75.000	510.000	-541.800	888.173
76.000	509.800	0.000	900.170
