0.000	470.000	-49.812	0.000
1.000	469.800	-51.750	10.010
2.000	469.600	-58.875	35.010
3.000	469.400	-59.875	60.028
4.000	469.200	-49.562	85.008
5.000	469.000	-53.312	110.023
6.000	468.800	-47.062	134.944
7.000	468.600	-48.125	159.943
8.000	468.400	-46.625	185.038
9.000	468.200	-41.062	209.990
10.000	468.000	-48.062	235.040
11.000	467.800	-44.375	259.946
12.000	467.600	-50.812	284.949
13.000	467.400	-48.937	309.950
14.000	467.200	-40.500	334.956
15.000	467.000	-50.562	360.039
16.000	466.800	-46.812	385.038
17.000	466.600	-47.437	409.949
18.000	466.400	-43.875	434.959
19.000	466.200	-44.562	459.956
20.000	466.000	-48.250	485.039
21.000	465.800	-55.812	509.959
22.000	465.600	-45.125	534.957
23.000	465.400	-43.187	559.945
24.000	465.200	-41.937	584.955
25.000	465.000	-48.937	609.968
26.000	464.800	-50.062	634.947
27.000	464.600	-47.062	659.943
28.000	464.400	-44.437	684.971
29.000	464.200	-44.000	709.959
30.000	464.000	-44.062	734.964
31.000	463.800	-40.875	759.945
32.000	463.600	-40.875	784.971
33.000	463.400	-34.312	809.961
34.000	463.200	-37.125	834.970
35.000	463.000	-47.625	859.969
36.000	462.800	-47.437	884.976
37.000	462.600	-49.125	909.954
38.000	462.400	-48.562	934.977
39.000	462.200	-48.312	959.979
40.000	462.000	-50.250	984.976
41.000	461.800	-56.750	1009.983
42.000	461.600	-51.062	1034.960
43.000	461.400	-52.187	1059.965
44.000	461.200	-41.750	1084.984
45.000	461.000	-52.312	1109.960
46.000	460.800	-51.375	1134.981
47.000	460.600	-52.437	1159.980
48.000	460.400	-53.875	1184.968
49.000	460.200	-47.750	1209.984
50.000	460.000	-51.125	1234.991
51.000	459.800	-49.000	1259.985
52.000	459.600	-50.000	1284.976
53.000	459.400	-42.687	1309.978
54.000	459.200	-44.437	1334.981
55.000	459.000	-48.437	1359.969
56.000	458.800	-49.875	1384.985
57.000	458.600	-54.812	1410.056
58.000	458.400	-55.437	1434.978
59.000	458.200	-51.500	1459.956
60.000	458.000	-52.312	1484.973
61.000	457.800	-49.625	1509.991
62.000	457.600	-48.687	1534.997
63.000	457.400	-44.500	1560.005
64.000	457.200	-49.062	1585.004
65.000	457.000	-43.375	1610.006
66.000	456.800	-47.000	1634.984
67.000	456.600	-50.125	1660.002
68.000	456.400	-48.312	1684.979
69.000	456.200	-54.312	1709.995
70.000	456.000	-45.250	1734.999
71.000	455.800	-42.625	1760.007
72.000	455.600	-55.062	1785.006
73.000	455.400	-53.562	1810.012
74.000	455.200	-49.562	1835.013
75.000	455.000	-52.500	1859.985
76.000	454.800	-55.625	1885.005
77.000	454.600	-66.500	1910.002
78.000	454.400	-63.750	1935.006
79.000	454.200	-65.812	1960.005
80.000	454.000	-61.375	1985.008
81.000	453.800	-61.437	2010.011
82.000	453.600	-65.187	2035.012
83.000	453.400	-68.062	2060.020
84.000	453.200	-66.000	2085.010
85.000	453.000	-67.062	2110.012
86.000	452.800	-62.375	2135.023
87.000	452.600	-63.437	2160.014
88.000	452.400	-66.875	2185.020
89.000	452.200	-64.000	2210.007
90.000	452.000	-69.687	2235.010
91.000	451.800	-70.562	2260.019
92.000	451.600	-69.187	2285.002
93.000	451.400	-71.187	2310.009
94.000	451.200	-71.312	2335.007
95.000	451.000	-72.687	2360.030
96.000	450.800	-59.000	2385.033
97.000	450.600	-58.187	2410.025
98.000	450.400	-60.250	2435.025
99.000	450.200	-65.187	2460.017
100.000	450.000	-70.250	2485.003
101.000	449.800	0.000	2510.038
