0.000	662.000	-26.600	0.000
1.000	661.800	-28.500	18.790
2.000	661.600	-29.100	43.703
3.000	661.400	-28.000	68.783
4.000	661.200	-20.300	93.790
5.000	661.000	-15.600	118.797
6.000	660.800	-33.400	143.798
7.000	660.600	-32.600	168.714
8.000	660.400	-24.400	193.791
9.000	660.200	-34.900	218.762
10.000	660.000	-28.000	243.759
11.000	659.800	-30.200	268.749
12.000	659.600	-37.200	293.740
13.000	659.400	-33.600	318.702
14.000	659.200	-28.000	343.698
15.000	659.000	-29.200	368.695
16.000	658.800	-31.500	393.705
17.000	658.600	-31.700	418.705
18.000	658.400	-37.000	443.714
19.000	658.200	-38.900	468.722
20.000	658.000	-29.900	493.725
21.000	657.800	-32.400	518.719
22.000	657.600	-36.400	543.724
23.000	657.400	-43.600	568.717
24.000	657.200	-36.000	593.699
25.000	657.000	-43.300	618.713
26.000	656.800	-39.100	643.705
27.000	656.600	-48.100	668.709
28.000	656.400	-46.400	693.709
29.000	656.200	-45.200	718.741
30.000	656.000	-40.500	743.715
31.000	655.800	-38.300	768.714
32.000	655.600	-37.200	793.703
33.000	655.400	-46.700	818.793
34.000	655.200	-48.800	843.773
35.000	655.000	-42.300	868.811
36.000	654.800	-46.800	893.712
37.000	654.600	-42.200	918.725
38.000	654.400	-42.400	943.733
39.000	654.200	-57.300	968.732
40.000	654.000	-52.700	993.723
41.000	653.800	-43.200	1018.740
42.000	653.600	-46.800	1043.735
43.000	653.400	-51.500	1068.725
44.000	653.200	-53.800	1093.735
45.000	653.000	-48.800	1118.741
46.000	652.800	-45.100	1143.743
47.000	652.600	-44.200	1168.778
48.000	652.400	-50.700	1193.770
49.000	652.200	-54.500	1218.787
50.000	652.000	-51.700	1243.701
51.000	651.800	-46.000	1268.725
52.000	651.600	-38.300	1293.729
53.000	651.400	-40.100	1318.719
54.000	651.200	-53.200	1343.716
55.000	651.000	-64.900	1368.723
56.000	650.800	-53.800	1393.752
57.000	650.600	-59.100	1418.743
58.000	650.400	-45.000	1443.759
59.000	650.200	-53.800	1468.765
60.000	650.000	-56.800	1493.734
61.000	649.800	0.000	1518.735
