0.000	470.000	-140.937	0.000
1.000	469.800	-145.187	10.010
2.000	469.600	-140.125	35.010
3.000	469.400	-136.687	60.028
4.000	469.200	-141.062	85.008
5.000	469.000	-139.812	110.023
6.000	468.800	-137.312	134.944
7.000	468.600	-126.187	159.943
8.000	468.400	-135.437	185.038
9.000	468.200	-134.625	209.990
10.000	468.000	-138.750	235.040
11.000	467.800	-140.750	259.946
12.000	467.600	-142.750	284.949
13.000	467.400	-144.625	309.950
14.000	467.200	-144.750	334.956
15.000	467.000	-145.062	360.039
16.000	466.800	-143.250	385.038
17.000	466.600	-157.000	409.949
18.000	466.400	-160.312	434.959
19.000	466.200	-153.312	459.956
20.000	466.000	-152.125	485.039
21.000	465.800	-157.250	509.959
22.000	465.600	-150.750	534.957
23.000	465.400	-150.750	559.945
24.000	465.200	-145.812	584.955
25.000	465.000	-144.750	609.968
26.000	464.800	-139.750	634.947
27.000	464.600	-137.312	659.943
28.000	464.400	-136.000	684.971
29.000	464.200	-148.500	709.959
30.000	464.000	-153.562	734.964
31.000	463.800	-137.312	759.945
32.000	463.600	-144.062	784.971
33.000	463.400	-143.250	809.961
34.000	463.200	-140.875	834.970
35.000	463.000	-138.312	859.969
36.000	462.800	-135.000	884.976
37.000	462.600	-132.687	909.954
38.000	462.400	-120.562	934.977
39.000	462.200	-122.625	959.979
40.000	462.000	-139.375	984.976
41.000	461.800	-134.312	1009.983
42.000	461.600	-146.000	1034.960
43.000	461.400	-146.062	1059.965
44.000	461.200	-136.250	1084.984
45.000	461.000	-139.062	1109.960
46.000	460.800	-142.562	1134.981
47.000	460.600	-142.437	1159.980
48.000	460.400	-138.125	1184.968
49.000	460.200	-153.062	1209.984
50.000	460.000	-153.312	1234.991
51.000	459.800	-153.562	1259.985
52.000	459.600	-145.062	1284.976
53.000	459.400	-140.750	1309.978
54.000	459.200	-141.687	1334.981
55.000	459.000	-147.750	1359.969
56.000	458.800	-147.625	1384.985
57.000	458.600	-154.125	1410.056
58.000	458.400	-151.312	1434.978
59.000	458.200	-139.437	1459.956
60.000	458.000	-119.750	1484.973
61.000	457.800	-135.250	1509.991
62.000	457.600	-128.000	1534.997
63.000	457.400	-122.250	1560.005
64.000	457.200	-127.625	1585.004
65.000	457.000	-116.750	1610.006
66.000	456.800	-126.937	1634.984
67.000	456.600	-128.375	1660.002
68.000	456.400	-133.812	1684.979
69.000	456.200	-140.062	1709.995
70.000	456.000	-124.187	1734.999
71.000	455.800	-117.000	1760.007
72.000	455.600	-127.750	1785.006
73.000	455.400	-134.125	1810.012
74.000	455.200	-136.812	1835.013
75.000	455.000	-137.687	1859.985
76.000	454.800	-139.312	1885.005
77.000	454.600	-140.437	1910.002
78.000	454.400	-132.937	1935.006
79.000	454.200	-140.625	1960.005
80.000	454.000	-136.875	1985.008
81.000	453.800	-135.062	2010.011
82.000	453.600	-132.562	2035.012
83.000	453.400	-132.937	2060.020
84.000	453.200	-136.000	2085.010
85.000	453.000	-136.750	2110.012
86.000	452.800	-123.000	2135.023
87.000	452.600	-136.312	2160.014
88.000	452.400	-133.687	2185.020
89.000	452.200	-135.812	2210.007
90.000	452.000	-124.750	2235.010
91.000	451.800	-111.750	2260.019
92.000	451.600	-123.875	2285.002
93.000	451.400	-131.187	2310.009
94.000	451.200	-126.687	2335.007
95.000	451.000	-107.625	2360.030
96.000	450.800	-101.687	2385.033
97.000	450.600	-97.375	2410.025
98.000	450.400	-100.500	2435.025
99.000	450.200	-97.687	2460.017
100.000	450.000	-96.562	2485.003
101.000	449.800	0.000	2510.038
