0.000	662.000	-3.900	0.000
1.000	661.800	0.100	13.061
2.000	661.600	-2.900	38.062
3.000	661.400	-4.300	63.061
4.000	661.200	0.000	88.063
5.000	661.000	1.100	113.063
6.000	660.800	-7.900	138.071
7.000	660.600	-5.300	163.064
8.000	660.400	-6.500	188.066
9.000	660.200	-12.400	213.069
10.000	660.000	-6.700	238.071
11.000	659.800	-4.300	263.079
12.000	659.600	-6.300	288.070
13.000	659.400	-16.000	313.073
14.000	659.200	-11.000	338.070
15.000	659.000	-3.700	363.073
16.000	658.800	-4.600	388.073
17.000	658.600	-9.300	413.079
18.000	658.400	-2.600	438.082
19.000	658.200	0.500	463.081
20.000	658.000	-11.200	488.086
21.000	657.800	-13.400	513.078
22.000	657.600	-13.400	538.078
23.000	657.400	-16.800	563.085
24.000	657.200	-13.100	588.083
25.000	657.000	-16.400	613.085
26.000	656.800	-9.500	638.089
27.000	656.600	-12.400	663.088
28.000	656.400	-1.900	688.094
29.000	656.200	-13.800	713.087
30.000	656.000	-16.800	738.089
31.000	655.800	-12.900	763.095
32.000	655.600	-11.300	788.094
33.000	655.400	-11.600	813.097
34.000	655.200	-7.800	838.090
35.000	655.000	-9.600	863.099
36.000	654.800	-5.700	888.092
37.000	654.600	-8.600	913.095
38.000	654.400	-12.000	938.097
39.000	654.200	-46.600	963.094
40.000	654.000	-27.700	988.014
41.000	653.800	-18.900	1013.130
42.000	653.600	-11.300	1038.096
43.000	653.400	-16.900	1063.099
44.000	653.200	-12.900	1088.102
45.000	653.000	-9.100	1113.131
46.000	652.800	-10.000	1138.129
47.000	652.600	-11.000	1163.019
48.000	652.400	-16.500	1188.019
49.000	652.200	-29.200	1213.019
50.000	652.000	-23.500	1238.025
51.000	651.800	-58.000	1263.021
52.000	651.600	-60.600	1288.023
53.000	651.400	-51.400	1313.130
54.000	651.200	-48.400	1338.021
55.000	651.000	-87.400	1363.028
56.000	650.800	-85.900	1388.017
57.000	650.600	-55.600	1413.030
58.000	650.400	-62.100	1438.022
59.000	650.200	-129.800	1463.021
60.000	650.000	-151.700	1488.027
61.000	649.800	0.000	1513.025
