0.000	650.000	-17.800	0.000
1.000	649.800	-19.200	18.460
2.000	649.600	-22.100	43.457
3.000	649.400	-27.700	68.462
4.000	649.200	-31.400	93.460
5.000	649.000	-34.800	118.457
6.000	648.800	-34.100	143.469
7.000	648.600	-39.800	168.463
8.000	648.400	-33.700	193.467
9.000	648.200	-20.500	218.470
10.000	648.000	-26.900	243.470
11.000	647.800	-29.300	268.467
12.000	647.600	-36.900	293.467
13.000	647.400	-37.000	318.464
14.000	647.200	-35.000	343.473
15.000	647.000	-28.800	368.473
16.000	646.800	-39.700	393.473
17.000	646.600	-27.700	418.475
18.000	646.400	-37.400	443.469
19.000	646.200	-28.100	468.472
20.000	646.000	-29.400	493.472
21.000	645.800	-31.100	518.473
22.000	645.600	-38.600	543.474
23.000	645.400	-48.800	568.476
24.000	645.200	-38.600	593.479
25.000	645.000	-44.000	618.479
26.000	644.800	-41.800	643.478
27.000	644.600	-86.800	668.506
28.000	644.400	-53.600	693.404
29.000	644.200	-44.100	718.480
30.000	644.000	-38.400	743.405
31.000	643.800	-55.200	768.392
32.000	643.600	-44.300	793.407
33.000	643.400	-40.200	818.401
34.000	643.200	-56.400	843.406
35.000	643.000	-65.900	868.399
36.000	642.800	-59.200	893.508
37.000	642.600	-52.200	918.520
38.000	642.400	-49.100	943.398
39.000	642.200	-47.000	968.402
40.000	642.000	-51.500	993.398
41.000	641.800	-52.200	1018.397
42.000	641.600	-49.100	1043.400
43.000	641.400	-58.900	1068.519
44.000	641.200	-69.800	1093.402
45.000	641.000	-50.900	1118.400
46.000	640.800	-43.800	1143.518
47.000	640.600	-67.400	1168.405
48.000	640.400	-55.600	1193.405
49.000	640.200	-54.800	1218.401
50.000	640.000	-61.500	1243.407
51.000	639.800	-48.700	1268.409
52.000	639.600	-52.600	1293.403
53.000	639.400	-88.500	1318.402
54.000	639.200	-62.300	1343.405
55.000	639.000	-65.300	1368.406
56.000	638.800	-62.900	1393.403
57.000	638.600	-83.800	1418.407
58.000	638.400	-115.600	1443.412
59.000	638.200	-90.500	1468.406
60.000	638.000	-68.900	1493.409
61.000	637.800	-69.000	1518.409
62.000	637.600	-57.800	1543.412
63.000	637.400	-65.400	1568.414
64.000	637.200	-62.500	1593.420
65.000	637.000	-71.400	1618.414
66.000	636.800	-84.900	1643.415
67.000	636.600	-77.500	1668.415
68.000	636.400	-73.900	1693.423
69.000	636.200	-78.500	1718.419
70.000	636.000	-68.200	1743.419
71.000	635.800	-91.200	1768.420
72.000	635.600	-67.900	1793.428
73.000	635.400	-70.400	1818.429
74.000	635.200	-62.000	1843.429
75.000	635.000	-86.200	1868.423
76.000	634.800	0.000	1893.433
