0.000	490.000	-199.600	0.000
1.000	489.800	-213.733	21.623
2.000	489.600	-198.400	46.576
3.000	489.400	-192.933	71.570
4.000	489.200	-191.200	96.574
5.000	489.000	-186.467	121.558
6.000	488.800	-183.067	146.558
7.000	488.600	-183.133	171.564
8.000	488.400	-207.867	196.560
9.000	488.200	-209.067	221.564
10.000	488.000	-230.533	246.579
11.000	487.800	-231.933	271.582
12.000	487.600	-223.000	296.557
13.000	487.400	-224.467	321.526
14.000	487.200	-222.133	346.569
15.000	487.000	-239.800	371.581
16.000	486.800	-226.800	396.582
17.000	486.600	-229.600	421.572
18.000	486.400	-221.467	446.577
19.000	486.200	-234.867	471.574
20.000	486.000	-247.733	496.585
21.000	485.800	-254.867	521.571
22.000	485.600	-240.400	546.574
23.000	485.400	-251.000	571.595
24.000	485.200	-246.067	596.583
25.000	485.000	-237.733	621.599
26.000	484.800	-243.600	646.588
27.000	484.600	-253.267	671.595
28.000	484.400	-242.200	696.593
29.000	484.200	-220.400	721.602
30.000	484.000	-233.933	746.605
31.000	483.800	-247.333	771.591
32.000	483.600	-221.267	796.583
33.000	483.400	-236.133	821.601
34.000	483.200	-236.200	846.588
35.000	483.000	-228.733	871.607
36.000	482.800	-234.667	896.589
37.000	482.600	-233.600	921.599
38.000	482.400	-222.933	946.609
39.000	482.200	-232.133	971.611
40.000	482.000	-247.333	996.603
41.000	481.800	-238.267	1021.585
42.000	481.600	-245.333	1046.610
43.000	481.400	-240.133	1071.591
44.000	481.200	-237.667	1096.605
45.000	481.000	-243.200	1121.608
46.000	480.800	-245.200	1146.602
47.000	480.600	-246.000	1171.612
48.000	480.400	-237.200	1196.616
49.000	480.200	-233.533	1221.608
50.000	480.000	-222.067	1246.604
51.000	479.800	0.000	1271.522
