0.000	480.000	-154.533	0.000
1.000	479.800	-180.600	7.600
2.000	479.600	-216.200	32.612
3.000	479.400	-194.000	57.606
4.000	479.200	-203.333	82.607
5.000	479.000	-224.467	107.703
6.000	478.800	-232.800	132.693
7.000	478.600	-227.333	157.610
8.000	478.400	-232.000	182.604
9.000	478.200	-235.267	207.677
10.000	478.000	-228.400	232.606
11.000	477.800	-220.000	257.601
12.000	477.600	-211.067	282.696
13.000	477.400	-228.933	307.604
14.000	477.200	-217.933	332.622
15.000	477.000	-216.400	357.606
16.000	476.800	-227.800	382.627
17.000	476.600	-238.933	407.612
18.000	476.400	-237.200	432.611
19.000	476.200	-243.467	457.625
20.000	476.000	-249.400	482.615
21.000	475.800	-230.933	507.627
22.000	475.600	-222.867	532.616
23.000	475.400	-222.000	557.630
24.000	475.200	-208.467	582.628
25.000	475.000	-235.533	607.629
26.000	474.800	-215.600	632.609
27.000	474.600	-229.867	657.633
28.000	474.400	-208.667	682.630
29.000	474.200	-213.200	707.633
30.000	474.000	-202.200	732.622
31.000	473.800	-201.467	757.627
32.000	473.600	-205.467	782.637
33.000	473.400	-216.533	807.630
34.000	473.200	-217.800	832.629
35.000	473.000	-205.400	857.622
36.000	472.800	-232.600	882.640
37.000	472.600	-233.600	907.645
38.000	472.400	-223.400	932.620
39.000	472.200	-234.667	957.625
40.000	472.000	-229.600	982.633
41.000	471.800	-248.467	1007.651
42.000	471.600	-223.000	1032.639
43.000	471.400	-250.867	1057.639
44.000	471.200	-239.000	1082.631
45.000	471.000	-257.067	1107.648
46.000	470.800	-256.333	1132.629
47.000	470.600	-270.800	1157.645
48.000	470.400	-259.200	1182.657
49.000	470.200	-267.067	1207.652
50.000	470.000	-270.733	1232.651
51.000	469.800	0.000	1257.636
