0.000	525.000	-80.000	0.000
1.000	524.800	-72.867	0.274
2.000	524.600	-78.800	12.240
3.000	524.400	-82.133	24.241
4.000	524.200	-79.667	36.241
5.000	524.000	-81.933	48.241
6.000	523.800	-80.333	60.248
7.000	523.600	-76.000	72.243
8.000	523.400	-80.467	84.251
9.000	523.200	-73.933	96.252
10.000	523.000	-69.667	108.252
11.000	522.800	-91.733	120.253
12.000	522.600	-98.067	132.245
13.000	522.400	-112.733	144.254
14.000	522.200	-95.867	156.243
15.000	522.000	-90.067	168.248
16.000	521.800	-80.933	180.164
17.000	521.600	-85.133	192.250
18.000	521.400	-87.667	204.248
19.000	521.200	-99.333	216.246
20.000	521.000	-77.400	228.251
21.000	520.800	-83.600	240.247
22.000	520.600	-85.933	252.249
23.000	520.400	-105.067	264.251
24.000	520.200	-92.467	276.249
25.000	520.000	-86.800	288.253
26.000	519.800	-104.200	300.281
27.000	519.600	-107.133	312.250
28.000	519.400	-93.267	324.254
29.000	519.200	-90.200	336.249
30.000	519.000	-84.867	348.251
31.000	518.800	-86.067	360.281
32.000	518.600	-79.733	372.252
33.000	518.400	-91.067	384.173
34.000	518.200	-113.533	396.171
35.000	518.000	-94.600	408.171
36.000	517.800	-89.667	420.173
37.000	517.600	-78.267	432.283
38.000	517.400	-88.467	444.254
39.000	517.200	-88.333	456.169
40.000	517.000	-83.800	468.281
41.000	516.800	-73.200	480.168
42.000	516.600	-82.000	492.174
43.000	516.400	-88.667	504.169
44.000	516.200	-81.800	516.170
45.000	516.000	-89.867	528.172
46.000	515.800	-90.133	540.282
47.000	515.600	-102.800	552.171
48.000	515.400	-92.133	564.179
49.000	515.200	-87.867	576.171
50.000	515.000	-101.133	588.178
51.000	514.800	-96.000	600.279
52.000	514.600	-93.867	612.175
53.000	514.400	-101.000	624.178
54.000	514.200	-102.267	636.177
55.000	514.000	-103.733	648.282
56.000	513.800	-94.600	660.177
57.000	513.600	-107.467	672.171
58.000	513.400	-112.000	684.173
59.000	513.200	-112.000	696.179
60.000	513.000	-99.467	708.172
61.000	512.800	-115.800	720.173
62.000	512.600	-98.000	732.173
63.000	512.400	-106.867	744.292
64.000	512.200	-87.467	756.172
65.000	512.000	-93.467	768.180
66.000	511.800	-102.467	780.173
67.000	511.600	-95.267	792.181
68.000	511.400	-98.667	804.182
69.000	511.200	-96.733	816.181
70.000	511.000	-94.867	828.287
71.000	510.800	-92.800	840.289
72.000	510.600	-97.733	852.294
73.000	510.400	-104.533	864.172
74.000	510.200	-102.533	876.170
75.000	510.000	-101.867	888.173
76.000	509.800	0.000	900.170
