0.000	525.000	-12.733	0.000
1.000	524.800	-9.867	22.509
2.000	524.600	-15.867	47.503
3.000	524.400	-10.800	72.505
4.000	524.200	-8.400	97.507
5.000	524.000	-11.667	122.507
6.000	523.800	-7.867	147.506
7.000	523.600	-6.067	172.508
8.000	523.400	-7.000	197.507
9.000	523.200	-15.933	222.509
10.000	523.000	-9.400	247.508
11.000	522.800	-7.933	272.516
12.000	522.600	-10.267	297.509
13.000	522.400	-14.533	322.512
14.000	522.200	-15.333	347.524
15.000	522.000	-12.600	372.524
16.000	521.800	-23.200	397.516
17.000	521.600	-31.467	422.516
18.000	521.400	-27.133	447.518
19.000	521.200	-20.933	472.517
20.000	521.000	-22.733	497.521
21.000	520.800	-19.600	522.518
22.000	520.600	-24.333	547.525
23.000	520.400	-34.067	572.519
24.000	520.200	-27.000	597.528
25.000	520.000	-33.933	622.522
26.000	519.800	-45.800	647.523
27.000	519.600	-39.667	672.527
28.000	519.400	-42.667	697.527
29.000	519.200	-53.333	722.535
30.000	519.000	-45.400	747.526
31.000	518.800	-43.467	772.535
32.000	518.600	-55.667	797.531
33.000	518.400	-44.133	822.532
34.000	518.200	-58.867	847.539
35.000	518.000	-51.067	872.540
36.000	517.800	-53.600	897.543
37.000	517.600	-44.600	922.535
38.000	517.400	-60.600	947.542
39.000	517.200	-60.200	972.539
40.000	517.000	-83.933	997.536
41.000	516.800	-71.067	1022.539
42.000	516.600	-74.200	1047.547
43.000	516.400	-79.600	1072.539
44.000	516.200	-88.800	1097.545
45.000	516.000	-98.533	1122.541
46.000	515.800	-89.133	1147.545
47.000	515.600	-76.400	1172.544
48.000	515.400	-71.133	1197.554
49.000	515.200	-71.400	1222.544
50.000	515.000	-78.533	1247.548
51.000	514.800	-76.267	1272.546
52.000	514.600	-75.800	1297.548
53.000	514.400	-80.067	1322.556
54.000	514.200	-84.067	1347.549
55.000	514.000	-81.467	1372.549
56.000	513.800	-93.600	1397.558
57.000	513.600	-102.933	1422.557
58.000	513.400	-107.800	1447.553
59.000	513.200	-99.000	1472.553
60.000	513.000	-103.467	1497.557
61.000	512.800	-109.867	1522.563
62.000	512.600	-119.800	1547.560
63.000	512.400	-115.267	1572.563
64.000	512.200	-107.133	1597.561
65.000	512.000	-106.733	1622.569
66.000	511.800	-119.200	1647.565
67.000	511.600	-105.200	1672.565
68.000	511.400	-114.200	1697.571
69.000	511.200	-119.267	1722.567
70.000	511.000	-113.133	1747.573
71.000	510.800	-97.000	1772.625
72.000	510.600	-98.000	1797.552
73.000	510.400	-104.267	1822.649
74.000	510.200	-112.067	1847.559
75.000	510.000	-109.333	1872.645
76.000	509.800	0.000	1897.553
