0.000	662.000	-214.900	0.000
1.000	661.800	-188.400	18.790
2.000	661.600	-211.900	43.703
3.000	661.400	-222.200	68.783
4.000	661.200	-229.700	93.790
5.000	661.000	-230.300	118.797
6.000	660.800	-226.200	143.798
7.000	660.600	-233.200	168.714
8.000	660.400	-238.800	193.791
9.000	660.200	-250.900	218.762
10.000	660.000	-258.200	243.759
11.000	659.800	-242.200	268.749
12.000	659.600	-254.600	293.740
13.000	659.400	-239.400	318.702
14.000	659.200	-247.300	343.698
15.000	659.000	-257.700	368.695
16.000	658.800	-268.300	393.705
17.000	658.600	-259.000	418.705
18.000	658.400	-251.100	443.714
19.000	658.200	-258.000	468.722
20.000	658.000	-255.500	493.725
21.000	657.800	-267.300	518.719
22.000	657.600	-281.800	543.724
23.000	657.400	-296.900	568.717
24.000	657.200	-293.900	593.699
25.000	657.000	-290.000	618.713
26.000	656.800	-307.400	643.705
27.000	656.600	-296.200	668.709
28.000	656.400	-298.700	693.709
29.000	656.200	-285.200	718.741
30.000	656.000	-275.200	743.715
31.000	655.800	-290.500	768.714
32.000	655.600	-278.700	793.703
33.000	655.400	-285.400	818.793
34.000	655.200	-285.900	843.773
35.000	655.000	-274.600	868.811
36.000	654.800	-267.900	893.712
37.000	654.600	-263.800	918.725
38.000	654.400	-275.700	943.733
39.000	654.200	-370.600	968.732
40.000	654.000	-328.100	993.723
41.000	653.800	-316.100	1018.740
42.000	653.600	-306.100	1043.735
43.000	653.400	-296.300	1068.725
44.000	653.200	-301.000	1093.735
45.000	653.000	-284.600	1118.741
46.000	652.800	-272.000	1143.743
47.000	652.600	-311.600	1168.778
48.000	652.400	-304.200	1193.770
49.000	652.200	-328.100	1218.787
50.000	652.000	-315.000	1243.701
51.000	651.800	-367.100	1268.725
52.000	651.600	-375.700	1293.729
53.000	651.400	-345.700	1318.719
54.000	651.200	-356.000	1343.716
55.000	651.000	-423.400	1368.723
56.000	650.800	-394.300	1393.752
57.000	650.600	-366.100	1418.743
58.000	650.400	-368.600	1443.759
59.000	650.200	-429.400	1468.765
60.000	650.000	-451.200	1493.734
61.000	649.800	0.000	1518.735
