0.000	470.000	-136.562	0.000
1.000	469.800	-136.375	10.010
2.000	469.600	-146.250	35.010
3.000	469.400	-145.062	60.028
4.000	469.200	-133.312	85.008
5.000	469.000	-136.437	110.023
6.000	468.800	-133.562	134.944
7.000	468.600	-142.187	159.943
8.000	468.400	-131.500	185.038
9.000	468.200	-129.375	209.990
10.000	468.000	-139.062	235.040
11.000	467.800	-151.812	259.946
12.000	467.600	-155.687	284.949
13.000	467.400	-171.500	309.950
14.000	467.200	-158.437	334.956
15.000	467.000	-169.187	360.039
16.000	466.800	-170.500	385.038
17.000	466.600	-172.500	409.949
18.000	466.400	-172.250	434.959
19.000	466.200	-156.750	459.956
20.000	466.000	-170.625	485.039
21.000	465.800	-188.812	509.959
22.000	465.600	-173.312	534.957
23.000	465.400	-177.000	559.945
24.000	465.200	-179.312	584.955
25.000	465.000	-171.312	609.968
26.000	464.800	-183.375	634.947
27.000	464.600	-188.687	659.943
28.000	464.400	-210.562	684.971
29.000	464.200	-215.687	709.959
30.000	464.000	-219.562	734.964
31.000	463.800	-200.000	759.945
32.000	463.600	-198.750	784.971
33.000	463.400	-194.187	809.961
34.000	463.200	-193.500	834.970
35.000	463.000	-214.000	859.969
36.000	462.800	-210.187	884.976
37.000	462.600	-217.875	909.954
38.000	462.400	-217.750	934.977
39.000	462.200	-236.062	959.979
40.000	462.000	-234.625	984.976
41.000	461.800	-235.937	1009.983
42.000	461.600	-256.187	1034.960
43.000	461.400	-257.750	1059.965
44.000	461.200	-224.187	1084.984
45.000	461.000	-257.562	1109.960
46.000	460.800	-247.187	1134.981
47.000	460.600	-254.687	1159.980
48.000	460.400	-262.812	1184.968
49.000	460.200	-235.625	1209.984
50.000	460.000	-241.437	1234.991
51.000	459.800	-251.562	1259.985
52.000	459.600	-241.125	1284.976
53.000	459.400	-232.937	1309.978
54.000	459.200	-219.000	1334.981
55.000	459.000	-223.062	1359.969
56.000	458.800	-233.250	1384.985
57.000	458.600	-228.562	1410.056
58.000	458.400	-215.437	1434.978
59.000	458.200	-203.687	1459.956
60.000	458.000	-204.750	1484.973
61.000	457.800	-196.875	1509.991
62.000	457.600	-184.687	1534.997
63.000	457.400	-183.375	1560.005
64.000	457.200	-173.687	1585.004
65.000	457.000	-164.375	1610.006
66.000	456.800	-171.562	1634.984
67.000	456.600	-177.312	1660.002
68.000	456.400	-183.812	1684.979
69.000	456.200	-189.250	1709.995
70.000	456.000	-174.562	1734.999
71.000	455.800	-187.375	1760.007
72.000	455.600	-190.437	1785.006
73.000	455.400	-200.687	1810.012
74.000	455.200	-199.875	1835.013
75.000	455.000	-211.125	1859.985
76.000	454.800	-246.625	1885.005
77.000	454.600	-249.500	1910.002
78.000	454.400	-246.875	1935.006
79.000	454.200	-267.187	1960.005
80.000	454.000	-283.312	1985.008
81.000	453.800	-300.000	2010.011
82.000	453.600	-299.875	2035.012
83.000	453.400	-309.937	2060.020
84.000	453.200	-318.062	2085.010
85.000	453.000	-317.937	2110.012
86.000	452.800	-322.625	2135.023
87.000	452.600	-315.312	2160.014
88.000	452.400	-299.687	2185.020
89.000	452.200	-310.625	2210.007
90.000	452.000	-313.500	2235.010
91.000	451.800	-274.562	2260.019
92.000	451.600	-284.000	2285.002
93.000	451.400	-287.750	2310.009
94.000	451.200	-261.437	2335.007
95.000	451.000	-248.312	2360.030
96.000	450.800	-228.875	2385.033
97.000	450.600	-238.375	2410.025
98.000	450.400	-237.812	2435.025
99.000	450.200	-260.500	2460.017
100.000	450.000	-263.562	2485.003
101.000	449.800	0.000	2510.038
