0.000	490.000	-62.533	0.000
1.000	489.800	-80.867	10.856
2.000	489.600	-95.133	35.864
3.000	489.400	-110.400	60.862
4.000	489.200	-120.400	85.860
5.000	489.000	-134.200	110.863
6.000	488.800	-136.333	135.860
7.000	488.600	-149.200	160.863
8.000	488.400	-142.533	185.862
9.000	488.200	-131.133	210.866
10.000	488.000	-124.400	235.864
11.000	487.800	-127.133	260.863
12.000	487.600	-140.533	285.864
13.000	487.400	-161.533	310.865
14.000	487.200	-183.000	335.876
15.000	487.000	-182.533	360.880
16.000	486.800	-166.933	385.877
17.000	486.600	-190.000	410.869
18.000	486.400	-175.000	435.880
19.000	486.200	-193.933	460.875
20.000	486.000	-205.600	485.872
21.000	485.800	-219.133	510.884
22.000	485.600	-242.400	535.876
23.000	485.400	-239.067	560.878
24.000	485.200	-244.600	585.882
25.000	485.000	-253.667	610.879
26.000	484.800	-266.800	635.890
27.000	484.600	-287.600	660.882
28.000	484.400	-284.333	685.883
29.000	484.200	-286.733	710.884
30.000	484.000	-318.200	735.884
31.000	483.800	-342.333	760.884
32.000	483.600	-389.133	785.891
33.000	483.400	-382.733	810.887
34.000	483.200	-369.200	835.895
35.000	483.000	-392.467	860.892
36.000	482.800	-393.733	885.894
37.000	482.600	-423.267	910.891
38.000	482.400	-430.067	935.890
39.000	482.200	-466.467	960.891
40.000	482.000	-482.200	985.890
41.000	481.800	-522.400	1010.902
42.000	481.600	-577.067	1035.896
43.000	481.400	-553.133	1060.904
44.000	481.200	-598.867	1085.899
45.000	481.000	-590.533	1110.900
46.000	480.800	-603.200	1135.897
47.000	480.600	-636.533	1160.897
48.000	480.400	-637.200	1185.907
49.000	480.200	-668.200	1210.899
50.000	480.000	-644.800	1235.906
51.000	479.800	-683.533	1260.900
52.000	479.600	-724.400	1285.909
53.000	479.400	-746.800	1310.906
54.000	479.200	-727.133	1335.906
55.000	479.000	-727.600	1360.907
56.000	478.800	-756.667	1385.908
57.000	478.600	-729.533	1410.910
58.000	478.400	-723.067	1435.909
59.000	478.200	-778.467	1460.909
60.000	478.000	-757.533	1485.910
61.000	477.800	-746.200	1510.910
62.000	477.600	-752.467	1535.913
63.000	477.400	-738.467	1560.915
64.000	477.200	-717.800	1585.913
65.000	477.000	-723.933	1610.915
66.000	476.800	-738.133	1635.917
67.000	476.600	-730.400	1660.917
68.000	476.400	-727.133	1685.924
69.000	476.200	-736.667	1710.920
70.000	476.000	-778.933	1735.927
71.000	475.800	-751.600	1760.929
72.000	475.600	-724.200	1785.930
73.000	475.400	-725.467	1810.923
74.000	475.200	-696.467	1835.929
75.000	475.000	-681.600	1860.925
76.000	474.800	-713.933	1885.932
77.000	474.600	-733.333	1910.925
78.000	474.400	-742.733	1935.936
79.000	474.200	-736.067	1960.934
80.000	474.000	-728.000	1985.933
81.000	473.800	-719.467	2010.940
82.000	473.600	-751.267	2035.936
83.000	473.400	-723.267	2060.931
84.000	473.200	-712.267	2085.933
85.000	473.000	-729.333	2110.939
86.000	472.800	-714.067	2135.969
87.000	472.600	-713.400	2160.968
88.000	472.400	-710.200	2185.937
89.000	472.200	-734.200	2210.967
90.000	472.000	-677.467	2235.860
91.000	471.800	-674.267	2260.938
92.000	471.600	-634.933	2285.940
93.000	471.400	-638.133	2310.939
94.000	471.200	-623.933	2335.941
95.000	471.000	-639.467	2360.856
96.000	470.800	-608.133	2385.857
97.000	470.600	-653.267	2410.859
98.000	470.400	-639.533	2435.862
99.000	470.200	-650.667	2460.865
100.000	470.000	-613.800	2485.862
101.000	469.800	0.000	2510.862
