0.000	650.000	-4.900	0.000
1.000	649.800	-17.200	18.460
2.000	649.600	-6.300	43.457
3.000	649.400	0.500	68.462
4.000	649.200	-9.200	93.460
5.000	649.000	-6.600	118.457
6.000	648.800	-2.900	143.469
7.000	648.600	-11.800	168.463
8.000	648.400	-7.500	193.467
9.000	648.200	-4.000	218.470
10.000	648.000	-16.200	243.470
11.000	647.800	-12.400	268.467
12.000	647.600	-14.500	293.467
13.000	647.400	-9.200	318.464
14.000	647.200	-5.100	343.473
15.000	647.000	-13.700	368.473
16.000	646.800	-22.200	393.473
17.000	646.600	-11.200	418.475
18.000	646.400	-18.900	443.469
19.000	646.200	-7.500	468.472
20.000	646.000	-7.800	493.472
21.000	645.800	-12.900	518.473
22.000	645.600	-20.200	543.474
23.000	645.400	-16.400	568.476
24.000	645.200	-18.700	593.479
25.000	645.000	-90.700	618.479
26.000	644.800	-39.100	643.478
27.000	644.600	-45.200	668.506
28.000	644.400	-21.900	693.404
29.000	644.200	-17.700	718.480
30.000	644.000	-15.000	743.405
31.000	643.800	-20.300	768.392
32.000	643.600	-18.500	793.407
33.000	643.400	-20.500	818.401
34.000	643.200	-46.500	843.406
35.000	643.000	-35.200	868.399
36.000	642.800	-30.300	893.508
37.000	642.600	-15.500	918.520
38.000	642.400	-11.400	943.398
39.000	642.200	-18.700	968.402
40.000	642.000	-17.600	993.398
41.000	641.800	-13.200	1018.397
42.000	641.600	-17.400	1043.400
43.000	641.400	-43.700	1068.519
44.000	641.200	-30.900	1093.402
45.000	641.000	-15.800	1118.400
46.000	640.800	-36.800	1143.518
47.000	640.600	-21.300	1168.405
48.000	640.400	-25.100	1193.405
49.000	640.200	-28.600	1218.401
50.000	640.000	-25.100	1243.407
51.000	639.800	-42.300	1268.409
52.000	639.600	-58.500	1293.403
53.000	639.400	-94.800	1318.402
54.000	639.200	-113.100	1343.405
55.000	639.000	-55.500	1368.406
56.000	638.800	-30.600	1393.403
57.000	638.600	-32.900	1418.407
58.000	638.400	-26.600	1443.412
59.000	638.200	-59.700	1468.406
60.000	638.000	-116.300	1493.409
61.000	637.800	-90.600	1518.409
62.000	637.600	-41.600	1543.412
63.000	637.400	-40.700	1568.414
64.000	637.200	-30.300	1593.420
65.000	637.000	-20.700	1618.414
66.000	636.800	-24.800	1643.415
67.000	636.600	-41.500	1668.415
68.000	636.400	-39.300	1693.423
69.000	636.200	-34.000	1718.419
70.000	636.000	-106.600	1743.419
71.000	635.800	-57.900	1768.420
72.000	635.600	-67.800	1793.428
73.000	635.400	-61.400	1818.429
74.000	635.200	-206.600	1843.429
75.000	635.000	-632.500	1868.423
76.000	634.800	0.000	1893.433
