0.000	450.000	-2066.800	0.000
1.000	449.800	-2049.900	7.622
2.000	449.600	-2067.200	32.623
3.000	449.400	-1945.500	57.623
4.000	449.200	-1920.000	82.625
5.000	449.000	-1887.600	107.628
6.000	448.800	-1709.800	132.628
7.000	448.600	-1698.200	157.637
8.000	448.400	-1601.400	182.627
9.000	448.200	-1670.300	207.635
10.000	448.000	-1559.900	232.633
11.000	447.800	-1645.800	257.640
12.000	447.600	-1861.800	282.632
13.000	447.400	-2099.200	307.636
14.000	447.200	-1941.600	332.643
15.000	447.000	-1965.400	357.643
16.000	446.800	-1969.900	382.634
17.000	446.600	-1952.400	407.639
18.000	446.400	-1850.500	432.645
19.000	446.200	-1823.600	457.639
20.000	446.000	-1814.800	482.646
21.000	445.800	-1986.500	507.639
22.000	445.600	-1977.800	532.647
23.000	445.400	-2060.000	557.643
24.000	445.200	-1951.700	582.643
25.000	445.000	-1886.700	607.644
26.000	444.800	-1709.200	632.646
27.000	444.600	-1806.100	657.646
28.000	444.400	-1659.300	682.647
29.000	444.200	-1731.000	707.646
30.000	444.000	-1714.000	732.647
31.000	443.800	-1790.400	757.652
32.000	443.600	-1836.000	782.649
33.000	443.400	-1774.400	807.652
34.000	443.200	-1831.100	832.663
35.000	443.000	-1745.500	857.654
36.000	442.800	-1729.200	882.657
37.000	442.600	-1665.000	907.658
38.000	442.400	-1784.200	932.664
39.000	442.200	-1940.800	957.657
40.000	442.000	-2010.200	982.657
41.000	441.800	-1964.500	1007.667
42.000	441.600	-2005.700	1032.659
43.000	441.400	-1985.300	1057.669
44.000	441.200	-2023.400	1082.666
45.000	441.000	-1967.200	1107.664
46.000	440.800	-1954.200	1132.671
47.000	440.600	-1860.300	1157.670
48.000	440.400	-1796.600	1182.669
49.000	440.200	-1775.800	1207.664
50.000	440.000	-1900.700	1232.670
51.000	439.800	-1858.500	1257.672
52.000	439.600	-1870.500	1282.669
53.000	439.400	-1926.900	1307.669
54.000	439.200	-1902.800	1332.675
55.000	439.000	-1770.100	1357.674
56.000	438.800	-1697.300	1382.681
57.000	438.600	-1610.200	1407.596
58.000	438.400	-1516.400	1432.678
59.000	438.200	-1516.000	1457.677
60.000	438.000	-1513.800	1482.676
61.000	437.800	-1652.500	1507.705
62.000	437.600	-1687.800	1532.594
63.000	437.400	-1672.800	1557.598
64.000	437.200	-1645.300	1582.706
65.000	437.000	-1506.000	1607.605
66.000	436.800	-1436.000	1632.602
67.000	436.600	-1267.800	1657.597
68.000	436.400	-1336.800	1682.602
69.000	436.200	-1318.200	1707.597
70.000	436.000	-1355.200	1732.601
71.000	435.800	-1308.600	1757.604
72.000	435.600	-1372.000	1782.602
73.000	435.400	-1387.900	1807.604
74.000	435.200	-1506.100	1832.598
75.000	435.000	-1561.800	1857.602
76.000	434.800	-1542.500	1882.604
77.000	434.600	-1596.500	1907.604
78.000	434.400	-1682.100	1932.598
79.000	434.200	-1706.300	1957.713
80.000	434.000	-1727.900	1982.717
81.000	433.800	-1679.400	2007.598
82.000	433.600	-1638.600	2032.601
83.000	433.400	-1566.700	2057.602
84.000	433.200	-1549.800	2082.602
85.000	433.000	-1531.600	2107.599
86.000	432.800	-1544.000	2132.601
87.000	432.600	-1521.400	2157.602
88.000	432.400	-1412.500	2182.604
89.000	432.200	-1269.200	2207.604
90.000	432.000	-1218.500	2232.605
91.000	431.800	-1092.500	2257.611
92.000	431.600	-974.200	2282.609
93.000	431.400	-997.900	2307.605
94.000	431.200	-923.200	2332.610
95.000	431.000	-850.500	2357.611
96.000	430.800	-750.600	2382.610
97.000	430.600	-682.700	2407.612
98.000	430.400	-714.800	2432.617
99.000	430.200	-845.000	2457.611
100.000	430.000	-1035.200	2482.619
101.000	429.800	0.000	2507.620
