0.000	460.000	-62.625	0.000
1.000	459.980	-44.062	9.888
2.000	459.960	-36.687	21.785
3.000	459.940	-45.312	33.781
4.000	459.920	-45.062	45.778
5.000	459.900	-42.187	57.777
6.000	459.880	-35.125	69.777
7.000	459.860	-33.875	81.779
8.000	459.840	-37.625	93.888
9.000	459.820	-44.312	105.887
10.000	459.800	-43.937	117.897
11.000	459.780	-51.687	129.896
12.000	459.760	-46.750	141.786
13.000	459.740	-33.937	153.785
14.000	459.720	-45.187	165.777
15.000	459.700	-42.625	177.898
16.000	459.680	-49.437	189.779
17.000	459.660	-36.562	201.897
18.000	459.640	-33.250	213.777
19.000	459.620	-24.812	225.781
20.000	459.600	-42.750	237.779
21.000	459.580	-41.937	249.784
22.000	459.560	-45.187	261.781
23.000	459.540	-49.437	273.784
24.000	459.520	-45.750	285.782
25.000	459.500	-42.625	297.777
26.000	459.480	-38.500	309.777
27.000	459.460	-50.375	321.896
28.000	459.440	-45.500	333.890
29.000	459.420	-43.125	345.781
30.000	459.400	-44.875	357.777
31.000	459.380	-43.750	369.778
32.000	459.360	-50.875	381.780
33.000	459.340	-56.250	393.784
34.000	459.320	-59.625	405.780
35.000	459.300	-52.375	417.784
36.000	459.280	-34.937	429.778
37.000	459.260	-45.250	441.790
38.000	459.240	-44.125	453.782
39.000	459.220	-44.125	465.782
40.000	459.200	-57.500	477.785
41.000	459.180	-49.500	489.793
42.000	459.160	-50.812	501.783
43.000	459.140	-41.937	513.793
44.000	459.120	-43.062	525.783
45.000	459.100	-43.625	537.786
46.000	459.080	-38.125	549.789
47.000	459.060	-47.437	561.789
48.000	459.040	-44.687	573.784
49.000	459.020	-48.125	585.788
50.000	459.000	-45.375	597.791
51.000	458.980	-46.687	609.790
52.000	458.960	-48.937	621.791
53.000	458.940	-43.812	633.789
54.000	458.920	-52.375	645.786
55.000	458.900	-51.562	657.787
56.000	458.880	-45.437	669.795
57.000	458.860	-53.187	681.797
58.000	458.840	-44.687	693.789
59.000	458.820	-50.250	705.800
60.000	458.800	-43.500	717.794
61.000	458.780	-54.000	729.797
62.000	458.760	-40.125	741.791
63.000	458.740	-45.937	753.796
64.000	458.720	-51.312	765.800
65.000	458.700	-48.250	777.794
66.000	458.680	-42.187	789.803
67.000	458.660	-52.250	801.797
68.000	458.640	-41.750	813.802
69.000	458.620	-31.687	825.797
70.000	458.600	-45.187	837.804
71.000	458.580	-51.875	849.797
72.000	458.560	-38.125	861.797
73.000	458.540	-40.875	873.805
74.000	458.520	-38.562	885.800
75.000	458.500	-32.562	897.798
76.000	458.480	-48.000	909.805
77.000	458.460	-49.750	921.807
78.000	458.440	-52.625	933.801
79.000	458.420	-47.437	945.802
80.000	458.400	-49.375	957.800
81.000	458.380	-48.125	969.800
82.000	458.360	-47.937	981.808
83.000	458.340	-41.062	993.809
84.000	458.320	-43.375	1005.805
85.000	458.300	-44.375	1017.801
86.000	458.280	-45.750	1029.805
87.000	458.260	-45.437	1041.807
88.000	458.240	-46.687	1053.805
89.000	458.220	-38.562	1065.810
90.000	458.200	-50.562	1077.810
91.000	458.180	-53.937	1089.805
92.000	458.160	-46.250	1101.810
93.000	458.140	-45.937	1113.807
94.000	458.120	-48.812	1125.809
95.000	458.100	-38.625	1137.811
96.000	458.080	-43.125	1149.809
97.000	458.060	-51.375	1161.806
98.000	458.040	-45.937	1173.812
99.000	458.020	-44.000	1185.816
100.000	458.000	-43.375	1197.811
101.000	457.980	-44.187	1209.812
102.000	457.960	-50.250	1221.814
103.000	457.940	-28.812	1233.813
104.000	457.920	-43.312	1245.812
105.000	457.900	-41.625	1257.812
106.000	457.880	-41.062	1269.818
107.000	457.860	-42.875	1281.816
108.000	457.840	-50.875	1293.815
109.000	457.820	-47.625	1305.813
110.000	457.800	-35.375	1317.814
111.000	457.780	-37.937	1329.815
112.000	457.760	-42.562	1341.816
113.000	457.740	-35.375	1353.814
114.000	457.720	-42.312	1365.814
115.000	457.700	-46.250	1377.817
116.000	457.680	-35.437	1389.816
117.000	457.660	-40.312	1401.818
118.000	457.640	-33.187	1413.826
119.000	457.620	-37.125	1425.817
120.000	457.600	-41.000	1437.823
121.000	457.580	-40.937	1449.819
122.000	457.560	-48.875	1461.821
123.000	457.540	-44.687	1473.818
124.000	457.520	-45.312	1485.820
125.000	457.500	-35.937	1497.818
126.000	457.480	-48.750	1509.823
127.000	457.460	-54.000	1521.821
128.000	457.440	-38.062	1533.825
129.000	457.420	-37.000	1545.831
130.000	457.400	-41.437	1557.827
131.000	457.380	-55.125	1569.827
132.000	457.360	-51.375	1581.829
133.000	457.340	-49.312	1593.826
134.000	457.320	-43.250	1605.826
135.000	457.300	-50.000	1617.836
136.000	457.280	-51.562	1629.824
137.000	457.260	-48.312	1641.826
138.000	457.240	-39.437	1653.828
139.000	457.220	-45.875	1665.828
140.000	457.200	-42.187	1677.829
141.000	457.180	-38.812	1689.835
142.000	457.160	-38.375	1701.829
143.000	457.140	-34.750	1713.834
144.000	457.120	-50.312	1725.830
145.000	457.100	-40.875	1737.833
146.000	457.080	-43.937	1749.838
147.000	457.060	-45.375	1761.830
148.000	457.040	-53.687	1773.828
149.000	457.020	-56.437	1785.829
150.000	457.000	-50.000	1797.831
151.000	456.980	0.000	1809.830
