0.000	490.000	-59.133	0.000
1.000	489.800	-67.600	10.856
2.000	489.600	-66.200	35.864
3.000	489.400	-74.533	60.862
4.000	489.200	-74.800	85.860
5.000	489.000	-82.667	110.863
6.000	488.800	-90.200	135.860
7.000	488.600	-83.867	160.863
8.000	488.400	-82.400	185.862
9.000	488.200	-86.667	210.866
10.000	488.000	-73.133	235.864
11.000	487.800	-75.600	260.863
12.000	487.600	-82.400	285.864
13.000	487.400	-86.667	310.865
14.000	487.200	-91.933	335.876
15.000	487.000	-90.400	360.880
16.000	486.800	-94.733	385.877
17.000	486.600	-91.533	410.869
18.000	486.400	-93.133	435.880
19.000	486.200	-94.533	460.875
20.000	486.000	-99.333	485.872
21.000	485.800	-107.200	510.884
22.000	485.600	-102.933	535.876
23.000	485.400	-110.800	560.878
24.000	485.200	-120.067	585.882
25.000	485.000	-113.933	610.879
26.000	484.800	-108.933	635.890
27.000	484.600	-118.933	660.882
28.000	484.400	-122.467	685.883
29.000	484.200	-119.600	710.884
30.000	484.000	-118.533	735.884
31.000	483.800	-131.800	760.884
32.000	483.600	-142.933	785.891
33.000	483.400	-140.933	810.887
34.000	483.200	-142.733	835.895
35.000	483.000	-145.000	860.892
36.000	482.800	-150.667	885.894
37.000	482.600	-159.133	910.891
38.000	482.400	-156.067	935.890
39.000	482.200	-165.533	960.891
40.000	482.000	-172.200	985.890
41.000	481.800	-171.667	1010.902
42.000	481.600	-184.400	1035.896
43.000	481.400	-188.067	1060.904
44.000	481.200	-186.600	1085.899
45.000	481.000	-196.533	1110.900
46.000	480.800	-193.467	1135.897
47.000	480.600	-201.533	1160.897
48.000	480.400	-220.533	1185.907
49.000	480.200	-227.600	1210.899
50.000	480.000	-222.733	1235.906
51.000	479.800	-215.667	1260.900
52.000	479.600	-239.400	1285.909
53.000	479.400	-230.000	1310.906
54.000	479.200	-212.933	1335.906
55.000	479.000	-212.667	1360.907
56.000	478.800	-228.333	1385.908
57.000	478.600	-224.467	1410.910
58.000	478.400	-228.933	1435.909
59.000	478.200	-227.600	1460.909
60.000	478.000	-222.933	1485.910
61.000	477.800	-220.867	1510.910
62.000	477.600	-219.733	1535.913
63.000	477.400	-213.600	1560.915
64.000	477.200	-205.200	1585.913
65.000	477.000	-212.200	1610.915
66.000	476.800	-220.533	1635.917
67.000	476.600	-218.467	1660.917
68.000	476.400	-216.467	1685.924
69.000	476.200	-225.800	1710.920
70.000	476.000	-217.400	1735.927
71.000	475.800	-210.533	1760.929
72.000	475.600	-213.467	1785.930
73.000	475.400	-203.867	1810.923
74.000	475.200	-189.800	1835.929
75.000	475.000	-195.333	1860.925
76.000	474.800	-203.200	1885.932
77.000	474.600	-205.533	1910.925
78.000	474.400	-202.000	1935.936
79.000	474.200	-195.067	1960.934
80.000	474.000	-207.000	1985.933
81.000	473.800	-225.400	2010.940
82.000	473.600	-237.867	2035.936
83.000	473.400	-233.133	2060.931
84.000	473.200	-207.600	2085.933
85.000	473.000	-210.400	2110.939
86.000	472.800	-214.667	2135.969
87.000	472.600	-213.733	2160.968
88.000	472.400	-211.400	2185.937
89.000	472.200	-214.600	2210.967
90.000	472.000	-199.667	2235.860
91.000	471.800	-192.733	2260.938
92.000	471.600	-191.267	2285.940
93.000	471.400	-197.933	2310.939
94.000	471.200	-183.800	2335.941
95.000	471.000	-184.667	2360.856
96.000	470.800	-182.267	2385.857
97.000	470.600	-178.400	2410.859
98.000	470.400	-168.467	2435.862
99.000	470.200	-159.667	2460.865
100.000	470.000	-160.667	2485.862
101.000	469.800	0.000	2510.862
