0.000	490.000	-459.267	0.000
1.000	489.800	-483.133	21.623
2.000	489.600	-442.867	46.576
3.000	489.400	-411.200	71.570
4.000	489.200	-432.267	96.574
5.000	489.000	-424.667	121.558
6.000	488.800	-441.400	146.558
7.000	488.600	-444.933	171.564
8.000	488.400	-489.533	196.560
9.000	488.200	-490.933	221.564
10.000	488.000	-534.400	246.579
11.000	487.800	-540.400	271.582
12.000	487.600	-542.467	296.557
13.000	487.400	-556.333	321.526
14.000	487.200	-537.733	346.569
15.000	487.000	-569.933	371.581
16.000	486.800	-565.800	396.582
17.000	486.600	-568.667	421.572
18.000	486.400	-512.133	446.577
19.000	486.200	-531.267	471.574
20.000	486.000	-566.267	496.585
21.000	485.800	-586.867	521.571
22.000	485.600	-580.600	546.574
23.000	485.400	-565.400	571.595
24.000	485.200	-556.267	596.583
25.000	485.000	-547.467	621.599
26.000	484.800	-540.067	646.588
27.000	484.600	-555.933	671.595
28.000	484.400	-556.867	696.593
29.000	484.200	-636.933	721.602
30.000	484.000	-646.400	746.605
31.000	483.800	-602.800	771.591
32.000	483.600	-544.800	796.583
33.000	483.400	-526.600	821.601
34.000	483.200	-546.200	846.588
35.000	483.000	-644.333	871.607
36.000	482.800	-562.200	896.589
37.000	482.600	-525.533	921.599
38.000	482.400	-501.133	946.609
39.000	482.200	-482.467	971.611
40.000	482.000	-475.467	996.603
41.000	481.800	-482.133	1021.585
42.000	481.600	-524.267	1046.610
43.000	481.400	-473.533	1071.591
44.000	481.200	-487.733	1096.605
45.000	481.000	-489.467	1121.608
46.000	480.800	-470.733	1146.602
47.000	480.600	-454.800	1171.612
48.000	480.400	-419.667	1196.616
49.000	480.200	-433.467	1221.608
50.000	480.000	-444.933	1246.604
51.000	479.800	0.000	1271.522
