0.000	470.000	-106.187	0.000
1.000	469.800	-109.687	15.811
2.000	469.600	-114.875	40.805
3.000	469.400	-115.187	65.821
4.000	469.200	-122.500	90.818
5.000	469.000	-123.875	115.802
6.000	468.800	-120.000	140.813
7.000	468.600	-125.500	165.816
8.000	468.400	-130.187	190.815
9.000	468.200	-131.125	215.728
10.000	468.000	-132.375	240.815
11.000	467.800	-131.437	265.816
12.000	467.600	-134.750	290.810
13.000	467.400	-129.187	315.806
14.000	467.200	-136.812	340.731
15.000	467.000	-136.062	365.808
16.000	466.800	-126.250	390.810
17.000	466.600	-126.437	415.734
18.000	466.400	-133.062	440.731
19.000	466.200	-143.187	465.731
20.000	466.000	-155.937	490.826
21.000	465.800	-146.500	515.818
22.000	465.600	-151.562	540.814
23.000	465.400	-151.312	565.828
24.000	465.200	-143.875	590.817
25.000	465.000	-146.312	615.823
26.000	464.800	-147.062	640.730
27.000	464.600	-158.250	665.735
28.000	464.400	-163.500	690.738
29.000	464.200	-161.750	715.728
30.000	464.000	-151.812	740.746
31.000	463.800	-151.437	765.745
32.000	463.600	-149.562	790.783
33.000	463.400	-154.875	815.746
34.000	463.200	-159.687	840.736
35.000	463.000	-164.125	865.748
36.000	462.800	-154.625	890.744
37.000	462.600	-143.937	915.751
38.000	462.400	-143.437	940.751
39.000	462.200	-147.562	965.739
40.000	462.000	-154.500	990.752
41.000	461.800	-158.937	1015.744
42.000	461.600	-169.250	1040.734
43.000	461.400	-180.500	1065.733
44.000	461.200	-163.937	1090.750
45.000	461.000	-167.875	1115.746
46.000	460.800	-174.125	1140.753
47.000	460.600	-177.250	1165.762
48.000	460.400	-182.312	1190.757
49.000	460.200	-166.500	1215.749
50.000	460.000	-175.250	1240.765
51.000	459.800	-171.562	1265.754
52.000	459.600	-174.125	1290.768
53.000	459.400	-179.562	1315.768
54.000	459.200	-189.937	1340.740
55.000	459.000	-184.000	1365.766
56.000	458.800	-191.500	1390.756
57.000	458.600	-185.562	1415.753
58.000	458.400	-170.187	1440.737
59.000	458.200	-179.062	1465.763
60.000	458.000	-166.375	1490.809
61.000	457.800	-161.875	1515.775
62.000	457.600	-165.375	1540.760
63.000	457.400	-172.562	1565.777
64.000	457.200	-174.000	1590.753
65.000	457.000	-168.062	1615.776
66.000	456.800	-191.062	1640.777
67.000	456.600	-189.812	1665.759
68.000	456.400	-186.062	1690.773
69.000	456.200	-186.125	1715.772
70.000	456.000	-184.000	1740.782
71.000	455.800	-187.625	1765.775
72.000	455.600	-197.937	1790.779
73.000	455.400	-209.500	1815.769
74.000	455.200	-225.687	1840.789
75.000	455.000	-214.625	1865.775
76.000	454.800	-208.000	1890.783
77.000	454.600	-220.750	1915.753
78.000	454.400	-240.500	1940.783
79.000	454.200	-241.250	1965.789
80.000	454.000	-233.000	1990.778
81.000	453.800	-234.562	2015.795
82.000	453.600	-235.562	2040.790
83.000	453.400	-240.687	2065.795
84.000	453.200	-249.500	2090.784
85.000	453.000	-257.937	2115.781
86.000	452.800	-242.500	2140.782
87.000	452.600	-242.312	2165.760
88.000	452.400	-246.812	2190.785
89.000	452.200	-252.187	2215.795
90.000	452.000	-264.187	2240.801
91.000	451.800	-254.062	2265.797
92.000	451.600	-263.062	2290.791
93.000	451.400	-265.437	2315.782
94.000	451.200	-241.687	2340.793
95.000	451.000	-244.812	2365.794
96.000	450.800	-236.937	2390.799
97.000	450.600	-228.500	2415.782
98.000	450.400	-234.625	2440.810
99.000	450.200	-237.125	2465.789
100.000	450.000	-242.562	2490.796
101.000	449.800	0.000	2515.813
