0.000	470.000	-364.187	0.000
1.000	469.800	-374.812	15.811
2.000	469.600	-370.250	40.805
3.000	469.400	-376.687	65.821
4.000	469.200	-399.812	90.818
5.000	469.000	-403.812	115.802
6.000	468.800	-422.750	140.813
7.000	468.600	-408.187	165.816
8.000	468.400	-430.375	190.815
9.000	468.200	-477.750	215.728
10.000	468.000	-526.562	240.815
11.000	467.800	-537.812	265.816
12.000	467.600	-556.500	290.810
13.000	467.400	-572.812	315.806
14.000	467.200	-577.687	340.731
15.000	467.000	-561.500	365.808
16.000	466.800	-547.875	390.810
17.000	466.600	-506.750	415.734
18.000	466.400	-535.562	440.731
19.000	466.200	-576.375	465.731
20.000	466.000	-584.187	490.826
21.000	465.800	-576.250	515.818
22.000	465.600	-582.187	540.814
23.000	465.400	-564.750	565.828
24.000	465.200	-582.937	590.817
25.000	465.000	-577.187	615.823
26.000	464.800	-593.125	640.730
27.000	464.600	-585.250	665.735
28.000	464.400	-579.312	690.738
29.000	464.200	-607.625	715.728
30.000	464.000	-561.187	740.746
31.000	463.800	-548.937	765.745
32.000	463.600	-545.875	790.783
33.000	463.400	-557.562	815.746
34.000	463.200	-543.562	840.736
35.000	463.000	-580.000	865.748
36.000	462.800	-580.000	890.744
37.000	462.600	-594.437	915.751
38.000	462.400	-588.750	940.751
39.000	462.200	-593.500	965.739
40.000	462.000	-572.500	990.752
41.000	461.800	-562.500	1015.744
42.000	461.600	-599.875	1040.734
43.000	461.400	-615.125	1065.733
44.000	461.200	-607.812	1090.750
45.000	461.000	-615.375	1115.746
46.000	460.800	-607.312	1140.753
47.000	460.600	-660.437	1165.762
48.000	460.400	-668.875	1190.757
49.000	460.200	-638.125	1215.749
50.000	460.000	-644.562	1240.765
51.000	459.800	-662.687	1265.754
52.000	459.600	-705.562	1290.768
53.000	459.400	-714.125	1315.768
54.000	459.200	-755.687	1340.740
55.000	459.000	-747.625	1365.766
56.000	458.800	-766.625	1390.756
57.000	458.600	-763.250	1415.753
58.000	458.400	-726.062	1440.737
59.000	458.200	-725.125	1465.763
60.000	458.000	-676.875	1490.809
61.000	457.800	-669.625	1515.775
62.000	457.600	-672.625	1540.760
63.000	457.400	-657.062	1565.777
64.000	457.200	-660.312	1590.753
65.000	457.000	-688.562	1615.776
66.000	456.800	-750.187	1640.777
67.000	456.600	-759.687	1665.759
68.000	456.400	-778.000	1690.773
69.000	456.200	-793.187	1715.772
70.000	456.000	-777.750	1740.782
71.000	455.800	-809.937	1765.775
72.000	455.600	-909.562	1790.779
73.000	455.400	-977.250	1815.769
74.000	455.200	-963.687	1840.789
75.000	455.000	-1026.875	1865.775
76.000	454.800	-1123.562	1890.783
77.000	454.600	-1150.437	1915.753
78.000	454.400	-1213.062	1940.783
79.000	454.200	-1350.375	1965.789
80.000	454.000	-1379.875	1990.778
81.000	453.800	-1411.437	2015.795
82.000	453.600	-1424.625	2040.790
83.000	453.400	-1485.875	2065.795
84.000	453.200	-1472.125	2090.784
85.000	453.000	-1518.500	2115.781
86.000	452.800	-1539.125	2140.782
87.000	452.600	-1539.937	2165.760
88.000	452.400	-1477.250	2190.785
89.000	452.200	-1434.812	2215.795
90.000	452.000	-1400.812	2240.801
91.000	451.800	-1303.625	2265.797
92.000	451.600	-1221.000	2290.791
93.000	451.400	-1212.500	2315.782
94.000	451.200	-1134.000	2340.793
95.000	451.000	-997.125	2365.794
96.000	450.800	-939.250	2390.799
97.000	450.600	-952.812	2415.782
98.000	450.400	-992.312	2440.810
99.000	450.200	-973.937	2465.789
100.000	450.000	-1001.250	2490.796
101.000	449.800	0.000	2515.813
