0.000	470.000	-323.187	0.000
1.000	469.800	-320.125	15.811
2.000	469.600	-326.750	40.805
3.000	469.400	-315.187	65.821
4.000	469.200	-346.562	90.818
5.000	469.000	-353.312	115.802
6.000	468.800	-361.125	140.813
7.000	468.600	-370.250	165.816
8.000	468.400	-367.875	190.815
9.000	468.200	-358.500	215.728
10.000	468.000	-399.375	240.815
11.000	467.800	-406.125	265.816
12.000	467.600	-423.625	290.810
13.000	467.400	-422.687	315.806
14.000	467.200	-429.062	340.731
15.000	467.000	-414.062	365.808
16.000	466.800	-396.375	390.810
17.000	466.600	-399.750	415.734
18.000	466.400	-396.687	440.731
19.000	466.200	-435.000	465.731
20.000	466.000	-453.500	490.826
21.000	465.800	-441.000	515.818
22.000	465.600	-451.937	540.814
23.000	465.400	-437.500	565.828
24.000	465.200	-439.500	590.817
25.000	465.000	-424.250	615.823
26.000	464.800	-427.562	640.730
27.000	464.600	-442.312	665.735
28.000	464.400	-447.875	690.738
29.000	464.200	-475.937	715.728
30.000	464.000	-463.875	740.746
31.000	463.800	-452.062	765.745
32.000	463.600	-446.937	790.783
33.000	463.400	-451.750	815.746
34.000	463.200	-449.187	840.736
35.000	463.000	-467.937	865.748
36.000	462.800	-444.937	890.744
37.000	462.600	-447.750	915.751
38.000	462.400	-458.937	940.751
39.000	462.200	-466.562	965.739
40.000	462.000	-464.437	990.752
41.000	461.800	-446.437	1015.744
42.000	461.600	-472.562	1040.734
43.000	461.400	-523.125	1065.733
44.000	461.200	-522.250	1090.750
45.000	461.000	-520.312	1115.746
46.000	460.800	-508.812	1140.753
47.000	460.600	-531.187	1165.762
48.000	460.400	-575.625	1190.757
49.000	460.200	-569.187	1215.749
50.000	460.000	-561.187	1240.765
51.000	459.800	-564.000	1265.754
52.000	459.600	-572.562	1290.768
53.000	459.400	-571.687	1315.768
54.000	459.200	-574.750	1340.740
55.000	459.000	-576.000	1365.766
56.000	458.800	-598.312	1390.756
57.000	458.600	-591.687	1415.753
58.000	458.400	-582.875	1440.737
59.000	458.200	-566.500	1465.763
60.000	458.000	-540.250	1490.809
61.000	457.800	-537.875	1515.775
62.000	457.600	-541.062	1540.760
63.000	457.400	-503.375	1565.777
64.000	457.200	-499.187	1590.753
65.000	457.000	-550.500	1615.776
66.000	456.800	-589.875	1640.777
67.000	456.600	-566.062	1665.759
68.000	456.400	-587.437	1690.773
69.000	456.200	-601.437	1715.772
70.000	456.000	-601.750	1740.782
71.000	455.800	-607.000	1765.775
72.000	455.600	-633.375	1790.779
73.000	455.400	-655.187	1815.769
74.000	455.200	-674.375	1840.789
75.000	455.000	-677.062	1865.775
76.000	454.800	-729.875	1890.783
77.000	454.600	-719.687	1915.753
78.000	454.400	-719.937	1940.783
79.000	454.200	-778.187	1965.789
80.000	454.000	-759.500	1990.778
81.000	453.800	-769.562	2015.795
82.000	453.600	-767.625	2040.790
83.000	453.400	-818.750	2065.795
84.000	453.200	-799.437	2090.784
85.000	453.000	-845.437	2115.781
86.000	452.800	-831.000	2140.782
87.000	452.600	-840.062	2165.760
88.000	452.400	-814.125	2190.785
89.000	452.200	-824.250	2215.795
90.000	452.000	-846.000	2240.801
91.000	451.800	-831.437	2265.797
92.000	451.600	-790.250	2290.791
93.000	451.400	-820.750	2315.782
94.000	451.200	-764.500	2340.793
95.000	451.000	-705.687	2365.794
96.000	450.800	-718.937	2390.799
97.000	450.600	-717.875	2415.782
98.000	450.400	-722.625	2440.810
99.000	450.200	-724.500	2465.789
100.000	450.000	-758.625	2490.796
101.000	449.800	0.000	2515.813
