0.000	600.000	-370.800	0.000
1.000	599.900	-434.500	6.997
2.000	599.800	-428.700	18.998
3.000	599.700	-494.600	30.995
4.000	599.600	-486.600	42.990
5.000	599.500	-484.700	54.999
6.000	599.400	-466.800	66.999
7.000	599.300	-445.500	78.998
8.000	599.200	-474.700	91.002
9.000	599.100	-499.600	102.988
10.000	599.000	-542.400	114.987
11.000	598.900	-488.500	127.005
12.000	598.800	-507.400	138.992
13.000	598.700	-512.900	151.010
14.000	598.600	-552.400	163.009
15.000	598.500	-561.000	175.003
16.000	598.400	-522.300	186.995
17.000	598.300	-578.700	198.989
18.000	598.200	-591.600	211.008
19.000	598.100	-550.200	223.006
20.000	598.000	-536.000	235.001
21.000	597.900	-497.200	247.001
22.000	597.800	-484.100	259.007
23.000	597.700	-516.900	271.004
24.000	597.600	-587.200	283.003
25.000	597.500	-629.100	294.991
26.000	597.400	-605.200	307.014
27.000	597.300	-575.100	318.986
28.000	597.200	-553.700	331.002
29.000	597.100	-520.700	342.995
30.000	597.000	-509.100	355.013
31.000	596.900	-618.200	367.007
32.000	596.800	-638.200	379.015
33.000	596.700	-640.600	391.014
34.000	596.600	-601.500	403.016
35.000	596.500	-577.300	415.002
36.000	596.400	-579.500	427.001
37.000	596.300	-547.600	439.013
38.000	596.200	-565.700	450.999
39.000	596.100	-571.600	463.011
40.000	596.000	-570.200	474.990
41.000	595.900	-571.000	487.009
42.000	595.800	-572.100	499.001
43.000	595.700	-578.600	511.002
44.000	595.600	-582.300	523.011
45.000	595.500	-547.400	535.017
46.000	595.400	-569.300	547.016
47.000	595.300	-575.900	559.010
48.000	595.200	-527.000	571.016
49.000	595.100	-500.400	583.024
50.000	595.000	-538.200	595.018
51.000	594.900	-536.200	607.024
52.000	594.800	-503.900	619.018
53.000	594.700	-512.900	631.019
54.000	594.600	-573.200	643.013
55.000	594.500	-602.500	655.006
56.000	594.400	-602.500	667.024
57.000	594.300	-625.400	679.016
58.000	594.200	-564.800	691.021
59.000	594.100	-605.700	703.007
60.000	594.000	-587.700	715.024
61.000	593.900	-608.300	727.013
62.000	593.800	-582.100	739.027
63.000	593.700	-586.100	751.023
64.000	593.600	-585.500	763.006
65.000	593.500	-595.000	775.020
66.000	593.400	-559.600	787.011
67.000	593.300	-599.500	799.024
68.000	593.200	-611.700	811.014
69.000	593.100	-565.100	822.995
70.000	593.000	-607.300	835.013
71.000	592.900	-642.100	847.020
72.000	592.800	-646.100	858.936
73.000	592.700	-637.700	871.027
74.000	592.600	-624.800	883.013
75.000	592.500	-637.800	895.026
76.000	592.400	-610.800	907.014
77.000	592.300	-628.400	919.029
78.000	592.200	-636.800	931.013
79.000	592.100	-640.500	943.028
80.000	592.000	-620.400	955.010
81.000	591.900	-631.500	967.013
82.000	591.800	-693.300	979.012
83.000	591.700	-649.600	991.024
84.000	591.600	-633.400	1002.935
85.000	591.500	-614.400	1015.012
86.000	591.400	-627.700	1027.022
87.000	591.300	-628.300	1038.940
88.000	591.200	-626.600	1051.029
89.000	591.100	-614.700	1062.939
90.000	591.000	-638.100	1074.937
91.000	590.900	-642.300	1087.025
92.000	590.800	-614.000	1098.936
93.000	590.700	-618.900	1110.942
94.000	590.600	-630.100	1123.023
95.000	590.500	-619.200	1135.030
96.000	590.400	-607.000	1146.941
97.000	590.300	-662.400	1158.946
98.000	590.200	-639.100	1170.936
99.000	590.100	-610.400	1182.945
100.000	590.000	-632.400	1194.946
101.000	589.900	-691.300	1206.947
102.000	589.800	-673.200	1218.949
103.000	589.700	-673.300	1231.026
104.000	589.600	-665.400	1242.941
105.000	589.500	-682.900	1254.943
106.000	589.400	-689.800	1266.936
107.000	589.300	-645.200	1278.949
108.000	589.200	-608.900	1291.034
109.000	589.100	-642.900	1302.952
110.000	589.000	-659.000	1314.942
111.000	588.900	-642.300	1327.025
112.000	588.800	-628.100	1338.945
113.000	588.700	-625.900	1350.937
114.000	588.600	-656.400	1362.952
115.000	588.500	-660.800	1375.030
116.000	588.400	-622.800	1386.949
117.000	588.300	-593.700	1398.937
118.000	588.200	-644.900	1410.956
119.000	588.100	-608.600	1422.937
120.000	588.000	-612.300	1434.950
121.000	587.900	-639.500	1447.036
122.000	587.800	-622.500	1458.953
123.000	587.700	-650.100	1470.938
124.000	587.600	-668.600	1482.943
125.000	587.500	-608.700	1494.950
126.000	587.400	-630.300	1506.951
127.000	587.300	-596.800	1518.944
128.000	587.200	-555.900	1530.995
129.000	587.100	-610.600	1542.945
130.000	587.000	-610.900	1554.941
131.000	586.900	-636.000	1566.953
132.000	586.800	-625.800	1578.940
133.000	586.700	-617.100	1590.957
134.000	586.600	-608.300	1602.952
135.000	586.500	-594.100	1614.947
136.000	586.400	-558.800	1626.963
137.000	586.300	-590.200	1638.948
138.000	586.200	-567.500	1650.952
139.000	586.100	-607.600	1662.963
140.000	586.000	-594.700	1674.938
141.000	585.900	-593.600	1686.950
142.000	585.800	-584.000	1698.951
143.000	585.700	-608.700	1710.963
144.000	585.600	-579.400	1722.964
145.000	585.500	-536.500	1734.962
146.000	585.400	-544.800	1746.943
147.000	585.300	-564.400	1758.955
148.000	585.200	-517.600	1770.962
149.000	585.100	-500.600	1782.948
150.000	585.000	-528.900	1794.951
151.000	584.900	-499.100	1806.967
152.000	584.800	-442.800	1818.952
153.000	584.700	-413.100	1830.951
154.000	584.600	-411.200	1842.961
155.000	584.500	-413.300	1854.972
156.000	584.400	-424.100	1866.956
157.000	584.300	-390.400	1878.972
158.000	584.200	-374.800	1890.954
159.000	584.100	-354.100	1902.966
160.000	584.000	-375.900	1914.970
161.000	583.900	-371.400	1926.971
162.000	583.800	-344.500	1938.967
163.000	583.700	-373.600	1950.969
164.000	583.600	-395.800	1962.957
165.000	583.500	-357.400	1974.976
166.000	583.400	-391.700	1986.978
167.000	583.300	-405.200	1998.964
168.000	583.200	-428.000	2010.969
169.000	583.100	-463.900	2022.948
170.000	583.000	-423.400	2034.960
171.000	582.900	-492.100	2046.971
172.000	582.800	-464.700	2058.979
173.000	582.700	-474.700	2070.971
174.000	582.600	-513.500	2082.974
175.000	582.500	-503.400	2094.959
176.000	582.400	-455.100	2106.971
177.000	582.300	-520.800	2118.968
178.000	582.200	-517.000	2130.974
179.000	582.100	-545.500	2142.981
180.000	582.000	-574.700	2154.983
181.000	581.900	-554.600	2166.967
182.000	581.800	-513.200	2178.972
183.000	581.700	-549.300	2190.975
184.000	581.600	-563.600	2202.979
185.000	581.500	-556.500	2214.986
186.000	581.400	-564.300	2226.972
187.000	581.300	-516.300	2238.983
188.000	581.200	-530.100	2250.971
189.000	581.100	-536.000	2262.976
190.000	581.000	-508.300	2274.984
191.000	580.900	-524.900	2286.979
192.000	580.800	-554.300	2298.976
193.000	580.700	-539.500	2310.976
194.000	580.600	-548.300	2323.024
195.000	580.500	-536.700	2334.968
196.000	580.400	-534.700	2346.991
197.000	580.300	-516.300	2358.986
198.000	580.200	-492.500	2371.028
199.000	580.100	-506.000	2382.989
200.000	580.000	-540.000	2394.971
201.000	579.900	0.000	2406.988
