0.000	470.000	-72.312	0.000
1.000	469.800	-66.125	10.010
2.000	469.600	-79.625	35.010
3.000	469.400	-75.562	60.028
4.000	469.200	-65.000	85.008
5.000	469.000	-61.250	110.023
6.000	468.800	-57.562	134.944
7.000	468.600	-61.875	159.943
8.000	468.400	-62.875	185.038
9.000	468.200	-54.687	209.990
10.000	468.000	-66.375	235.040
11.000	467.800	-62.437	259.946
12.000	467.600	-62.125	284.949
13.000	467.400	-68.812	309.950
14.000	467.200	-63.750	334.956
15.000	467.000	-57.812	360.039
16.000	466.800	-60.812	385.038
17.000	466.600	-72.562	409.949
18.000	466.400	-75.812	434.959
19.000	466.200	-64.000	459.956
20.000	466.000	-71.937	485.039
21.000	465.800	-78.687	509.959
22.000	465.600	-69.062	534.957
23.000	465.400	-73.312	559.945
24.000	465.200	-76.500	584.955
25.000	465.000	-77.812	609.968
26.000	464.800	-71.187	634.947
27.000	464.600	-68.750	659.943
28.000	464.400	-81.562	684.971
29.000	464.200	-78.562	709.959
30.000	464.000	-82.625	734.964
31.000	463.800	-79.250	759.945
32.000	463.600	-75.250	784.971
33.000	463.400	-67.187	809.961
34.000	463.200	-67.500	834.970
35.000	463.000	-68.000	859.969
36.000	462.800	-70.062	884.976
37.000	462.600	-65.375	909.954
38.000	462.400	-72.000	934.977
39.000	462.200	-71.562	959.979
40.000	462.000	-65.687	984.976
41.000	461.800	-58.000	1009.983
42.000	461.600	-66.000	1034.960
43.000	461.400	-65.500	1059.965
44.000	461.200	-57.687	1084.984
45.000	461.000	-69.562	1109.960
46.000	460.800	-71.687	1134.981
47.000	460.600	-72.937	1159.980
48.000	460.400	-65.562	1184.968
49.000	460.200	-67.000	1209.984
50.000	460.000	-64.937	1234.991
51.000	459.800	-67.812	1259.985
52.000	459.600	-75.125	1284.976
53.000	459.400	-72.750	1309.978
54.000	459.200	-65.125	1334.981
55.000	459.000	-67.187	1359.969
56.000	458.800	-73.500	1384.985
57.000	458.600	-95.062	1410.056
58.000	458.400	-98.375	1434.978
59.000	458.200	-83.312	1459.956
60.000	458.000	-55.187	1484.973
61.000	457.800	-55.187	1509.991
62.000	457.600	-46.875	1534.997
63.000	457.400	-42.187	1560.005
64.000	457.200	-47.937	1585.004
65.000	457.000	-48.812	1610.006
66.000	456.800	-46.125	1634.984
67.000	456.600	-42.187	1660.002
68.000	456.400	-43.812	1684.979
69.000	456.200	-53.375	1709.995
70.000	456.000	-42.687	1734.999
71.000	455.800	-45.250	1760.007
72.000	455.600	-43.562	1785.006
73.000	455.400	-53.125	1810.012
74.000	455.200	-44.125	1835.013
75.000	455.000	-47.437	1859.985
76.000	454.800	-43.687	1885.005
77.000	454.600	-45.500	1910.002
78.000	454.400	-43.625	1935.006
79.000	454.200	-51.875	1960.005
80.000	454.000	-48.937	1985.008
81.000	453.800	-47.812	2010.011
82.000	453.600	-48.000	2035.012
83.000	453.400	-52.812	2060.020
84.000	453.200	-50.562	2085.010
85.000	453.000	-52.187	2110.012
86.000	452.800	-50.437	2135.023
87.000	452.600	-50.562	2160.014
88.000	452.400	-44.187	2185.020
89.000	452.200	-48.875	2210.007
90.000	452.000	-52.812	2235.010
91.000	451.800	-48.062	2260.019
92.000	451.600	-46.437	2285.002
93.000	451.400	-41.312	2310.009
94.000	451.200	-49.375	2335.007
95.000	451.000	-42.000	2360.030
96.000	450.800	-40.437	2385.033
97.000	450.600	-33.875	2410.025
98.000	450.400	-40.125	2435.025
99.000	450.200	-39.750	2460.017
100.000	450.000	-36.625	2485.003
101.000	449.800	0.000	2510.038
