0.000	480.000	-510.933	0.000
1.000	479.800	-682.200	7.600
2.000	479.600	-747.600	32.612
3.000	479.400	-779.533	57.606
4.000	479.200	-805.333	82.607
5.000	479.000	-867.667	107.703
6.000	478.800	-901.400	132.693
7.000	478.600	-856.067	157.610
8.000	478.400	-883.733	182.604
9.000	478.200	-889.733	207.677
10.000	478.000	-897.867	232.606
11.000	477.800	-876.467	257.601
12.000	477.600	-880.067	282.696
13.000	477.400	-880.333	307.604
14.000	477.200	-876.733	332.622
15.000	477.000	-877.133	357.606
16.000	476.800	-858.933	382.627
17.000	476.600	-828.200	407.612
18.000	476.400	-864.533	432.611
19.000	476.200	-864.133	457.625
20.000	476.000	-852.333	482.615
21.000	475.800	-825.667	507.627
22.000	475.600	-806.800	532.616
23.000	475.400	-809.867	557.630
24.000	475.200	-805.600	582.628
25.000	475.000	-798.133	607.629
26.000	474.800	-798.933	632.609
27.000	474.600	-805.733	657.633
28.000	474.400	-805.333	682.630
29.000	474.200	-804.933	707.633
30.000	474.000	-784.467	732.622
31.000	473.800	-787.200	757.627
32.000	473.600	-771.067	782.637
33.000	473.400	-774.400	807.630
34.000	473.200	-744.467	832.629
35.000	473.000	-762.333	857.622
36.000	472.800	-755.333	882.640
37.000	472.600	-722.133	907.645
38.000	472.400	-723.133	932.620
39.000	472.200	-722.000	957.625
40.000	472.000	-699.800	982.633
41.000	471.800	-716.133	1007.651
42.000	471.600	-719.267	1032.639
43.000	471.400	-721.200	1057.639
44.000	471.200	-692.733	1082.631
45.000	471.000	-695.800	1107.648
46.000	470.800	-692.800	1132.629
47.000	470.600	-714.667	1157.645
48.000	470.400	-700.067	1182.657
49.000	470.200	-686.400	1207.652
50.000	470.000	-679.067	1232.651
51.000	469.800	0.000	1257.636
