0.000	460.000	-63.625	0.000
1.000	459.980	-65.000	9.888
2.000	459.960	-63.437	21.785
3.000	459.940	-59.312	33.781
4.000	459.920	-61.062	45.778
5.000	459.900	-58.187	57.777
6.000	459.880	-63.312	69.777
7.000	459.860	-63.562	81.779
8.000	459.840	-55.437	93.888
9.000	459.820	-61.187	105.887
10.000	459.800	-61.687	117.897
11.000	459.780	-56.000	129.896
12.000	459.760	-61.250	141.786
13.000	459.740	-47.375	153.785
14.000	459.720	-54.437	165.777
15.000	459.700	-58.562	177.898
16.000	459.680	-56.500	189.779
17.000	459.660	-42.000	201.897
18.000	459.640	-46.687	213.777
19.000	459.620	-50.812	225.781
20.000	459.600	-54.125	237.779
21.000	459.580	-58.437	249.784
22.000	459.560	-69.375	261.781
23.000	459.540	-52.312	273.784
24.000	459.520	-55.562	285.782
25.000	459.500	-46.750	297.777
26.000	459.480	-49.125	309.777
27.000	459.460	-56.187	321.896
28.000	459.440	-60.562	333.890
29.000	459.420	-52.875	345.781
30.000	459.400	-52.625	357.777
31.000	459.380	-53.312	369.778
32.000	459.360	-67.000	381.780
33.000	459.340	-69.750	393.784
34.000	459.320	-57.750	405.780
35.000	459.300	-56.125	417.784
36.000	459.280	-63.375	429.778
37.000	459.260	-59.125	441.790
38.000	459.240	-57.625	453.782
39.000	459.220	-57.375	465.782
40.000	459.200	-65.062	477.785
41.000	459.180	-57.000	489.793
42.000	459.160	-60.750	501.783
43.000	459.140	-54.500	513.793
44.000	459.120	-61.000	525.783
45.000	459.100	-55.062	537.786
46.000	459.080	-60.875	549.789
47.000	459.060	-56.500	561.789
48.000	459.040	-56.250	573.784
49.000	459.020	-58.062	585.788
50.000	459.000	-62.062	597.791
51.000	458.980	-53.812	609.790
52.000	458.960	-54.687	621.791
53.000	458.940	-40.437	633.789
54.000	458.920	-65.000	645.786
55.000	458.900	-65.062	657.787
56.000	458.880	-50.187	669.795
57.000	458.860	-41.187	681.797
58.000	458.840	-52.375	693.789
59.000	458.820	-51.125	705.800
60.000	458.800	-64.375	717.794
61.000	458.780	-66.187	729.797
62.000	458.760	-55.625	741.791
63.000	458.740	-56.500	753.796
64.000	458.720	-52.875	765.800
65.000	458.700	-54.562	777.794
66.000	458.680	-61.125	789.803
67.000	458.660	-53.250	801.797
68.000	458.640	-52.000	813.802
69.000	458.620	-44.500	825.797
70.000	458.600	-44.812	837.804
71.000	458.580	-58.562	849.797
72.000	458.560	-45.125	861.797
73.000	458.540	-45.375	873.805
74.000	458.520	-47.187	885.800
75.000	458.500	-48.062	897.798
76.000	458.480	-63.062	909.805
77.000	458.460	-62.375	921.807
78.000	458.440	-61.312	933.801
79.000	458.420	-49.812	945.802
80.000	458.400	-60.687	957.800
81.000	458.380	-58.875	969.800
82.000	458.360	-54.375	981.808
83.000	458.340	-52.812	993.809
84.000	458.320	-61.000	1005.805
85.000	458.300	-50.000	1017.801
86.000	458.280	-64.875	1029.805
87.000	458.260	-70.687	1041.807
88.000	458.240	-63.187	1053.805
89.000	458.220	-47.812	1065.810
90.000	458.200	-49.812	1077.810
91.000	458.180	-53.625	1089.805
92.000	458.160	-37.187	1101.810
93.000	458.140	-48.062	1113.807
94.000	458.120	-54.875	1125.809
95.000	458.100	-49.250	1137.811
96.000	458.080	-46.562	1149.809
97.000	458.060	-52.500	1161.806
98.000	458.040	-57.625	1173.812
99.000	458.020	-49.187	1185.816
100.000	458.000	-44.687	1197.811
101.000	457.980	-50.875	1209.812
102.000	457.960	-58.250	1221.814
103.000	457.940	-55.250	1233.813
104.000	457.920	-54.562	1245.812
105.000	457.900	-44.250	1257.812
106.000	457.880	-52.875	1269.818
107.000	457.860	-53.937	1281.816
108.000	457.840	-51.687	1293.815
109.000	457.820	-54.437	1305.813
110.000	457.800	-40.812	1317.814
111.000	457.780	-40.812	1329.815
112.000	457.760	-37.562	1341.816
113.000	457.740	-41.562	1353.814
114.000	457.720	-37.937	1365.814
115.000	457.700	-46.500	1377.817
116.000	457.680	-41.125	1389.816
117.000	457.660	-52.437	1401.818
118.000	457.640	-51.687	1413.826
119.000	457.620	-44.812	1425.817
120.000	457.600	-45.750	1437.823
121.000	457.580	-47.000	1449.819
122.000	457.560	-43.937	1461.821
123.000	457.540	-47.750	1473.818
124.000	457.520	-47.500	1485.820
125.000	457.500	-42.187	1497.818
126.000	457.480	-45.437	1509.823
127.000	457.460	-49.250	1521.821
128.000	457.440	-48.250	1533.825
129.000	457.420	-51.187	1545.831
130.000	457.400	-54.250	1557.827
131.000	457.380	-52.375	1569.827
132.000	457.360	-55.125	1581.829
133.000	457.340	-48.562	1593.826
134.000	457.320	-56.750	1605.826
135.000	457.300	-49.000	1617.836
136.000	457.280	-55.812	1629.824
137.000	457.260	-50.125	1641.826
138.000	457.240	-44.562	1653.828
139.000	457.220	-43.125	1665.828
140.000	457.200	-40.750	1677.829
141.000	457.180	-43.875	1689.835
142.000	457.160	-47.812	1701.829
143.000	457.140	-39.250	1713.834
144.000	457.120	-40.687	1725.830
145.000	457.100	-35.375	1737.833
146.000	457.080	-35.062	1749.838
147.000	457.060	-40.250	1761.830
148.000	457.040	-39.312	1773.828
149.000	457.020	-38.437	1785.829
150.000	457.000	-47.687	1797.831
151.000	456.980	0.000	1809.830
