0.000	470.000	-261.000	0.000
1.000	469.800	-294.500	15.811
2.000	469.600	-347.750	40.805
3.000	469.400	-358.500	65.821
4.000	469.200	-357.000	90.818
5.000	469.000	-338.312	115.802
6.000	468.800	-328.437	140.813
7.000	468.600	-337.312	165.816
8.000	468.400	-343.687	190.815
9.000	468.200	-350.250	215.728
10.000	468.000	-391.437	240.815
11.000	467.800	-409.062	265.816
12.000	467.600	-399.437	290.810
13.000	467.400	-395.812	315.806
14.000	467.200	-412.125	340.731
15.000	467.000	-368.937	365.808
16.000	466.800	-341.812	390.810
17.000	466.600	-358.687	415.734
18.000	466.400	-378.687	440.731
19.000	466.200	-362.875	465.731
20.000	466.000	-384.937	490.826
21.000	465.800	-385.812	515.818
22.000	465.600	-404.750	540.814
23.000	465.400	-424.250	565.828
24.000	465.200	-442.000	590.817
25.000	465.000	-428.375	615.823
26.000	464.800	-398.125	640.730
27.000	464.600	-408.687	665.735
28.000	464.400	-473.250	690.738
29.000	464.200	-627.000	715.728
30.000	464.000	-570.062	740.746
31.000	463.800	-495.875	765.745
32.000	463.600	-466.687	790.783
33.000	463.400	-440.312	815.746
34.000	463.200	-423.937	840.736
35.000	463.000	-433.625	865.748
36.000	462.800	-404.062	890.744
37.000	462.600	-383.687	915.751
38.000	462.400	-392.500	940.751
39.000	462.200	-408.625	965.739
40.000	462.000	-420.187	990.752
41.000	461.800	-425.625	1015.744
42.000	461.600	-459.437	1040.734
43.000	461.400	-484.437	1065.733
44.000	461.200	-422.187	1090.750
45.000	461.000	-428.750	1115.746
46.000	460.800	-403.812	1140.753
47.000	460.600	-395.375	1165.762
48.000	460.400	-443.125	1190.757
49.000	460.200	-446.937	1215.749
50.000	460.000	-498.250	1240.765
51.000	459.800	-521.125	1265.754
52.000	459.600	-526.062	1290.768
53.000	459.400	-490.875	1315.768
54.000	459.200	-494.937	1340.740
55.000	459.000	-496.750	1365.766
56.000	458.800	-499.875	1390.756
57.000	458.600	-494.250	1415.753
58.000	458.400	-454.687	1440.737
59.000	458.200	-451.875	1465.763
60.000	458.000	-435.437	1490.809
61.000	457.800	-423.812	1515.775
62.000	457.600	-414.000	1540.760
63.000	457.400	-395.812	1565.777
64.000	457.200	-429.875	1590.753
65.000	457.000	-435.187	1615.776
66.000	456.800	-467.562	1640.777
67.000	456.600	-444.187	1665.759
68.000	456.400	-435.812	1690.773
69.000	456.200	-441.187	1715.772
70.000	456.000	-456.000	1740.782
71.000	455.800	-470.375	1765.775
72.000	455.600	-510.562	1790.779
73.000	455.400	-505.687	1815.769
74.000	455.200	-489.500	1840.789
75.000	455.000	-522.687	1865.775
76.000	454.800	-568.375	1890.783
77.000	454.600	-578.500	1915.753
78.000	454.400	-563.312	1940.783
79.000	454.200	-624.062	1965.789
80.000	454.000	-613.125	1990.778
81.000	453.800	-646.937	2015.795
82.000	453.600	-623.562	2040.790
83.000	453.400	-657.437	2065.795
84.000	453.200	-667.937	2090.784
85.000	453.000	-692.187	2115.781
86.000	452.800	-684.812	2140.782
87.000	452.600	-677.187	2165.760
88.000	452.400	-651.937	2190.785
89.000	452.200	-689.250	2215.795
90.000	452.000	-705.812	2240.801
91.000	451.800	-696.062	2265.797
92.000	451.600	-687.625	2290.791
93.000	451.400	-717.625	2315.782
94.000	451.200	-702.500	2340.793
95.000	451.000	-658.875	2365.794
96.000	450.800	-674.937	2390.799
97.000	450.600	-700.250	2415.782
98.000	450.400	-718.875	2440.810
99.000	450.200	-708.750	2465.789
100.000	450.000	-762.875	2490.796
101.000	449.800	0.000	2515.813
