0.000	460.000	-276.187	0.000
1.000	459.980	-275.375	9.888
2.000	459.960	-267.562	21.785
3.000	459.940	-273.312	33.781
4.000	459.920	-275.937	45.778
5.000	459.900	-274.500	57.777
6.000	459.880	-262.000	69.777
7.000	459.860	-264.687	81.779
8.000	459.840	-256.875	93.888
9.000	459.820	-270.625	105.887
10.000	459.800	-276.687	117.897
11.000	459.780	-260.687	129.896
12.000	459.760	-279.250	141.786
13.000	459.740	-252.937	153.785
14.000	459.720	-250.187	165.777
15.000	459.700	-270.125	177.898
16.000	459.680	-277.375	189.779
17.000	459.660	-236.875	201.897
18.000	459.640	-200.062	213.777
19.000	459.620	-202.250	225.781
20.000	459.600	-226.125	237.779
21.000	459.580	-250.812	249.784
22.000	459.560	-263.625	261.781
23.000	459.540	-262.437	273.784
24.000	459.520	-243.187	285.782
25.000	459.500	-247.875	297.777
26.000	459.480	-255.750	309.777
27.000	459.460	-277.437	321.896
28.000	459.440	-273.437	333.890
29.000	459.420	-272.187	345.781
30.000	459.400	-277.750	357.777
31.000	459.380	-293.312	369.778
32.000	459.360	-310.375	381.780
33.000	459.340	-285.187	393.784
34.000	459.320	-271.437	405.780
35.000	459.300	-249.125	417.784
36.000	459.280	-265.687	429.778
37.000	459.260	-251.937	441.790
38.000	459.240	-254.937	453.782
39.000	459.220	-267.375	465.782
40.000	459.200	-291.875	477.785
41.000	459.180	-268.250	489.793
42.000	459.160	-266.125	501.783
43.000	459.140	-270.750	513.793
44.000	459.120	-289.062	525.783
45.000	459.100	-283.125	537.786
46.000	459.080	-285.375	549.789
47.000	459.060	-265.125	561.789
48.000	459.040	-281.000	573.784
49.000	459.020	-282.875	585.788
50.000	459.000	-287.812	597.791
51.000	458.980	-274.187	609.790
52.000	458.960	-270.375	621.791
53.000	458.940	-274.812	633.789
54.000	458.920	-292.250	645.786
55.000	458.900	-279.750	657.787
56.000	458.880	-271.937	669.795
57.000	458.860	-287.250	681.797
58.000	458.840	-273.125	693.789
59.000	458.820	-264.125	705.800
60.000	458.800	-291.437	717.794
61.000	458.780	-294.562	729.797
62.000	458.760	-265.437	741.791
63.000	458.740	-272.187	753.796
64.000	458.720	-268.062	765.800
65.000	458.700	-260.750	777.794
66.000	458.680	-279.250	789.803
67.000	458.660	-275.812	801.797
68.000	458.640	-260.250	813.802
69.000	458.620	-248.250	825.797
70.000	458.600	-261.500	837.804
71.000	458.580	-268.625	849.797
72.000	458.560	-247.125	861.797
73.000	458.540	-258.312	873.805
74.000	458.520	-261.687	885.800
75.000	458.500	-267.500	897.798
76.000	458.480	-282.687	909.805
77.000	458.460	-301.875	921.807
78.000	458.440	-279.125	933.801
79.000	458.420	-263.687	945.802
80.000	458.400	-281.250	957.800
81.000	458.380	-277.937	969.800
82.000	458.360	-261.062	981.808
83.000	458.340	-249.500	993.809
84.000	458.320	-262.312	1005.805
85.000	458.300	-262.437	1017.801
86.000	458.280	-269.812	1029.805
87.000	458.260	-299.812	1041.807
88.000	458.240	-278.687	1053.805
89.000	458.220	-252.312	1065.810
90.000	458.200	-281.125	1077.810
91.000	458.180	-288.750	1089.805
92.000	458.160	-273.125	1101.810
93.000	458.140	-274.187	1113.807
94.000	458.120	-262.437	1125.809
95.000	458.100	-277.000	1137.811
96.000	458.080	-269.125	1149.809
97.000	458.060	-285.625	1161.806
98.000	458.040	-295.687	1173.812
99.000	458.020	-268.375	1185.816
100.000	458.000	-276.937	1197.811
101.000	457.980	-274.875	1209.812
102.000	457.960	-287.750	1221.814
103.000	457.940	-275.687	1233.813
104.000	457.920	-274.500	1245.812
105.000	457.900	-245.750	1257.812
106.000	457.880	-255.187	1269.818
107.000	457.860	-268.312	1281.816
108.000	457.840	-261.312	1293.815
109.000	457.820	-260.187	1305.813
110.000	457.800	-243.437	1317.814
111.000	457.780	-258.562	1329.815
112.000	457.760	-270.312	1341.816
113.000	457.740	-250.062	1353.814
114.000	457.720	-255.687	1365.814
115.000	457.700	-238.812	1377.817
116.000	457.680	-223.500	1389.816
117.000	457.660	-248.625	1401.818
118.000	457.640	-238.500	1413.826
119.000	457.620	-237.625	1425.817
120.000	457.600	-241.875	1437.823
121.000	457.580	-255.812	1449.819
122.000	457.560	-247.125	1461.821
123.000	457.540	-268.125	1473.818
124.000	457.520	-275.937	1485.820
125.000	457.500	-254.125	1497.818
126.000	457.480	-261.750	1509.823
127.000	457.460	-263.250	1521.821
128.000	457.440	-246.625	1533.825
129.000	457.420	-261.312	1545.831
130.000	457.400	-251.250	1557.827
131.000	457.380	-258.875	1569.827
132.000	457.360	-285.500	1581.829
133.000	457.340	-254.250	1593.826
134.000	457.320	-264.375	1605.826
135.000	457.300	-240.250	1617.836
136.000	457.280	-245.312	1629.824
137.000	457.260	-238.562	1641.826
138.000	457.240	-252.812	1653.828
139.000	457.220	-256.375	1665.828
140.000	457.200	-239.250	1677.829
141.000	457.180	-253.312	1689.835
142.000	457.160	-233.687	1701.829
143.000	457.140	-209.562	1713.834
144.000	457.120	-223.437	1725.830
145.000	457.100	-240.875	1737.833
146.000	457.080	-236.062	1749.838
147.000	457.060	-248.375	1761.830
148.000	457.040	-255.125	1773.828
149.000	457.020	-242.500	1785.829
150.000	457.000	-248.187	1797.831
151.000	456.980	0.000	1809.830
