0.000	525.000	-49.467	0.000
1.000	524.800	-63.667	22.509
2.000	524.600	-78.533	47.503
3.000	524.400	-88.867	72.505
4.000	524.200	-86.400	97.507
5.000	524.000	-96.467	122.507
6.000	523.800	-98.600	147.506
7.000	523.600	-107.733	172.508
8.000	523.400	-119.867	197.507
9.000	523.200	-137.200	222.509
10.000	523.000	-146.000	247.508
11.000	522.800	-153.133	272.516
12.000	522.600	-179.467	297.509
13.000	522.400	-210.133	322.512
14.000	522.200	-219.200	347.524
15.000	522.000	-212.133	372.524
16.000	521.800	-218.533	397.516
17.000	521.600	-236.733	422.516
18.000	521.400	-272.000	447.518
19.000	521.200	-294.067	472.517
20.000	521.000	-281.133	497.521
21.000	520.800	-286.600	522.518
22.000	520.600	-333.333	547.525
23.000	520.400	-353.333	572.519
24.000	520.200	-356.533	597.528
25.000	520.000	-370.000	622.522
26.000	519.800	-359.467	647.523
27.000	519.600	-345.267	672.527
28.000	519.400	-355.600	697.527
29.000	519.200	-424.533	722.535
30.000	519.000	-409.067	747.526
31.000	518.800	-422.267	772.535
32.000	518.600	-424.867	797.531
33.000	518.400	-445.933	822.532
34.000	518.200	-449.533	847.539
35.000	518.000	-432.000	872.540
36.000	517.800	-484.467	897.543
37.000	517.600	-431.867	922.535
38.000	517.400	-449.333	947.542
39.000	517.200	-413.200	972.539
40.000	517.000	-478.600	997.536
41.000	516.800	-436.533	1022.539
42.000	516.600	-488.867	1047.547
43.000	516.400	-465.400	1072.539
44.000	516.200	-419.467	1097.545
45.000	516.000	-446.667	1122.541
46.000	515.800	-394.933	1147.545
47.000	515.600	-479.733	1172.544
48.000	515.400	-521.667	1197.554
49.000	515.200	-521.600	1222.544
50.000	515.000	-518.867	1247.548
51.000	514.800	-560.267	1272.546
52.000	514.600	-534.667	1297.548
53.000	514.400	-567.800	1322.556
54.000	514.200	-646.000	1347.549
55.000	514.000	-590.267	1372.549
56.000	513.800	-573.533	1397.558
57.000	513.600	-598.200	1422.557
58.000	513.400	-600.400	1447.553
59.000	513.200	-574.067	1472.553
60.000	513.000	-573.333	1497.557
61.000	512.800	-603.333	1522.563
62.000	512.600	-644.333	1547.560
63.000	512.400	-634.400	1572.563
64.000	512.200	-649.467	1597.561
65.000	512.000	-675.800	1622.569
66.000	511.800	-681.667	1647.565
67.000	511.600	-663.067	1672.565
68.000	511.400	-682.000	1697.571
69.000	511.200	-655.200	1722.567
70.000	511.000	-641.533	1747.573
71.000	510.800	-647.067	1772.625
72.000	510.600	-637.067	1797.552
73.000	510.400	-626.600	1822.649
74.000	510.200	-599.467	1847.559
75.000	510.000	-578.000	1872.645
76.000	509.800	0.000	1897.553
