0.000	640.000	-7.500	0.000
1.000	639.800	-34.600	6.991
2.000	639.600	-49.700	31.994
3.000	639.400	-89.400	56.996
4.000	639.200	-114.200	82.003
5.000	639.000	-58.900	106.995
6.000	638.800	-29.900	132.005
7.000	638.600	-20.300	157.005
8.000	638.400	-9.600	181.996
9.000	638.200	-41.800	206.997
10.000	638.000	-106.300	231.999
11.000	637.800	-76.500	257.003
12.000	637.600	-40.800	282.005
13.000	637.400	-28.700	307.010
14.000	637.200	-14.500	332.010
15.000	637.000	-9.500	357.014
16.000	636.800	-13.400	382.005
17.000	636.600	-49.300	407.006
18.000	636.400	-41.000	432.008
19.000	636.200	-28.200	457.006
20.000	636.000	-137.500	482.009
21.000	635.800	-66.100	507.009
22.000	635.600	-90.900	532.016
23.000	635.400	-66.900	557.014
24.000	635.200	-239.400	582.021
25.000	635.000	-806.000	607.018
26.000	634.800	-323.300	632.020
27.000	634.600	-130.400	657.025
28.000	634.400	-127.300	682.017
29.000	634.200	-136.700	707.019
30.000	634.000	-99.600	732.023
31.000	633.800	-319.900	757.021
32.000	633.600	-188.700	782.030
33.000	633.400	-101.900	807.023
34.000	633.200	-63.700	832.023
35.000	633.000	-99.200	857.023
36.000	632.800	-137.000	882.023
37.000	632.600	-115.700	907.032
38.000	632.400	-111.600	932.032
39.000	632.200	-393.000	957.030
40.000	632.000	-377.000	982.029
41.000	631.800	-196.500	1007.027
42.000	631.600	-176.200	1032.032
43.000	631.400	-101.400	1057.033
44.000	631.200	-63.800	1082.038
45.000	631.000	-294.800	1107.031
46.000	630.800	-172.900	1132.040
47.000	630.600	-160.900	1157.033
48.000	630.400	-129.200	1182.045
49.000	630.200	-100.000	1207.036
50.000	630.000	-64.200	1232.035
51.000	629.800	-51.700	1257.036
52.000	629.600	-37.400	1282.040
53.000	629.400	-44.200	1307.041
54.000	629.200	-45.000	1332.042
55.000	629.000	-33.300	1357.051
56.000	628.800	-79.300	1382.048
57.000	628.600	-87.100	1407.042
58.000	628.400	-64.600	1432.046
59.000	628.200	-31.600	1457.052
60.000	628.000	-42.700	1482.050
61.000	627.800	-37.700	1507.045
62.000	627.600	-50.200	1532.059
63.000	627.400	-54.700	1557.050
64.000	627.200	-75.600	1582.048
65.000	627.000	-128.400	1607.061
66.000	626.800	-310.200	1632.060
67.000	626.600	-358.900	1657.052
68.000	626.400	-153.300	1682.059
69.000	626.200	-96.100	1707.056
70.000	626.000	-119.400	1732.066
71.000	625.800	-127.200	1757.055
72.000	625.600	-129.000	1782.058
73.000	625.400	-135.200	1807.060
74.000	625.200	-112.200	1832.063
75.000	625.000	-103.400	1857.059
76.000	624.800	-117.900	1882.062
77.000	624.600	-107.700	1906.986
78.000	624.400	-87.400	1932.064
79.000	624.200	-120.300	1957.093
80.000	624.000	-114.900	1982.063
81.000	623.800	-219.500	2007.066
82.000	623.600	-364.500	2032.067
83.000	623.400	-221.100	2056.989
84.000	623.200	-211.500	2082.069
85.000	623.000	-215.800	2106.990
86.000	622.800	-191.300	2131.993
87.000	622.600	-124.800	2156.983
88.000	622.400	-109.800	2181.992
89.000	622.200	-205.400	2206.987
90.000	622.000	-247.300	2231.984
91.000	621.800	-158.100	2256.987
92.000	621.600	-202.600	2282.105
93.000	621.400	-141.600	2307.106
94.000	621.200	-146.100	2331.986
95.000	621.000	-158.800	2357.105
96.000	620.800	-179.200	2381.990
97.000	620.600	-290.100	2406.982
98.000	620.400	-184.100	2431.986
99.000	620.200	-195.500	2456.991
100.000	620.000	-197.800	2481.985
101.000	619.800	0.000	2506.986
