0.000	640.000	-522.000	0.000
1.000	639.800	-541.100	8.700
2.000	639.600	-472.100	33.696
3.000	639.400	-436.900	58.698
4.000	639.200	-395.500	83.699
5.000	639.000	-431.500	108.700
6.000	638.800	-439.400	133.695
7.000	638.600	-399.000	158.816
8.000	638.400	-372.000	183.704
9.000	638.200	-527.900	208.706
10.000	638.000	-594.700	233.698
11.000	637.800	-572.100	258.707
12.000	637.600	-524.500	283.697
13.000	637.400	-599.000	308.700
14.000	637.200	-587.900	333.706
15.000	637.000	-548.500	358.701
16.000	636.800	-561.700	383.710
17.000	636.600	-610.500	408.701
18.000	636.400	-734.700	433.706
19.000	636.200	-668.600	458.704
20.000	636.000	-694.400	483.709
21.000	635.800	-665.300	508.712
22.000	635.600	-567.200	533.707
23.000	635.400	-620.900	558.713
24.000	635.200	-619.100	583.709
25.000	635.000	-803.000	608.711
26.000	634.800	-700.500	633.710
27.000	634.600	-639.100	658.711
28.000	634.400	-602.500	683.712
29.000	634.200	-721.300	708.724
30.000	634.000	-740.700	733.716
31.000	633.800	-735.100	758.719
32.000	633.600	-691.400	783.725
33.000	633.400	-635.300	808.714
34.000	633.200	-657.300	833.717
35.000	633.000	-701.200	858.719
36.000	632.800	-769.100	883.733
37.000	632.600	-697.600	908.728
38.000	632.400	-802.600	933.722
39.000	632.200	-759.800	958.725
40.000	632.000	-841.600	983.726
41.000	631.800	-833.200	1008.727
42.000	631.600	-799.700	1033.734
43.000	631.400	-887.600	1058.729
44.000	631.200	-880.800	1083.729
45.000	631.000	-814.700	1108.737
46.000	630.800	-797.800	1133.730
47.000	630.600	-847.300	1158.731
48.000	630.400	-828.900	1183.734
49.000	630.200	-787.300	1208.739
50.000	630.000	-698.500	1233.734
51.000	629.800	-699.600	1258.735
52.000	629.600	-721.600	1283.734
53.000	629.400	-741.700	1308.739
54.000	629.200	-781.000	1333.745
55.000	629.000	-893.700	1358.738
56.000	628.800	-907.300	1383.738
57.000	628.600	-878.000	1408.742
58.000	628.400	-962.800	1433.749
59.000	628.200	-1022.600	1458.740
60.000	628.000	-993.200	1483.752
61.000	627.800	-1043.400	1508.742
62.000	627.600	-955.900	1533.753
63.000	627.400	-1079.300	1558.746
64.000	627.200	-993.800	1583.748
65.000	627.000	-912.700	1608.758
66.000	626.800	-900.700	1633.751
67.000	626.600	-1021.000	1658.755
68.000	626.400	-1106.100	1683.753
69.000	626.200	-1050.600	1708.753
70.000	626.000	-1393.300	1733.755
71.000	625.800	-1272.500	1758.751
72.000	625.600	-1177.200	1783.756
73.000	625.400	-1261.800	1808.755
74.000	625.200	-1152.400	1833.755
75.000	625.000	-1171.900	1858.764
76.000	624.800	-1122.900	1883.758
77.000	624.600	-1095.800	1908.766
78.000	624.400	-1079.000	1933.763
79.000	624.200	-1007.800	1958.770
80.000	624.000	-965.900	1983.762
81.000	623.800	-1031.200	2008.764
82.000	623.600	-973.700	2033.764
83.000	623.400	-885.200	2058.766
84.000	623.200	-858.000	2083.766
85.000	623.000	-898.500	2108.766
86.000	622.800	-900.800	2133.772
87.000	622.600	-908.700	2158.768
88.000	622.400	-995.500	2183.768
89.000	622.200	-981.600	2208.774
90.000	622.000	-1073.000	2233.773
91.000	621.800	-1050.500	2258.806
92.000	621.600	-962.600	2283.774
93.000	621.400	-991.100	2308.774
94.000	621.200	-969.800	2333.774
95.000	621.000	-1046.100	2358.774
96.000	620.800	-1053.800	2383.776
97.000	620.600	-1152.200	2408.777
98.000	620.400	-1108.700	2433.778
99.000	620.200	-1070.200	2458.695
100.000	620.000	-1066.800	2483.694
101.000	619.800	0.000	2508.806
