0.000	450.000	-910.900	0.000
1.000	449.800	-880.000	7.622
2.000	449.600	-877.400	32.623
3.000	449.400	-846.800	57.623
4.000	449.200	-853.600	82.625
5.000	449.000	-872.800	107.628
6.000	448.800	-885.600	132.628
7.000	448.600	-904.000	157.637
8.000	448.400	-871.300	182.627
9.000	448.200	-857.300	207.635
10.000	448.000	-848.800	232.633
11.000	447.800	-882.500	257.640
12.000	447.600	-912.000	282.632
13.000	447.400	-940.300	307.636
14.000	447.200	-873.400	332.643
15.000	447.000	-873.100	357.643
16.000	446.800	-886.100	382.634
17.000	446.600	-915.100	407.639
18.000	446.400	-878.100	432.645
19.000	446.200	-861.200	457.639
20.000	446.000	-870.700	482.646
21.000	445.800	-897.900	507.639
22.000	445.600	-903.600	532.647
23.000	445.400	-893.700	557.643
24.000	445.200	-882.700	582.643
25.000	445.000	-844.200	607.644
26.000	444.800	-816.100	632.646
27.000	444.600	-833.300	657.646
28.000	444.400	-844.500	682.647
29.000	444.200	-858.600	707.646
30.000	444.000	-838.300	732.647
31.000	443.800	-873.900	757.652
32.000	443.600	-898.800	782.649
33.000	443.400	-914.100	807.652
34.000	443.200	-920.300	832.663
35.000	443.000	-889.500	857.654
36.000	442.800	-895.900	882.657
37.000	442.600	-904.900	907.658
38.000	442.400	-895.200	932.664
39.000	442.200	-906.000	957.657
40.000	442.000	-905.800	982.657
41.000	441.800	-901.300	1007.667
42.000	441.600	-908.400	1032.659
43.000	441.400	-913.400	1057.669
44.000	441.200	-917.200	1082.666
45.000	441.000	-899.700	1107.664
46.000	440.800	-891.000	1132.671
47.000	440.600	-892.800	1157.670
48.000	440.400	-875.900	1182.669
49.000	440.200	-861.900	1207.664
50.000	440.000	-889.700	1232.670
51.000	439.800	-889.200	1257.672
52.000	439.600	-835.700	1282.669
53.000	439.400	-844.600	1307.669
54.000	439.200	-804.700	1332.675
55.000	439.000	-866.500	1357.674
56.000	438.800	-823.100	1382.681
57.000	438.600	-824.500	1407.596
58.000	438.400	-777.800	1432.678
59.000	438.200	-750.600	1457.677
60.000	438.000	-796.600	1482.676
61.000	437.800	-816.900	1507.705
62.000	437.600	-807.000	1532.594
63.000	437.400	-812.200	1557.598
64.000	437.200	-802.600	1582.706
65.000	437.000	-757.700	1607.605
66.000	436.800	-777.400	1632.602
67.000	436.600	-759.600	1657.597
68.000	436.400	-781.600	1682.602
69.000	436.200	-773.900	1707.597
70.000	436.000	-807.500	1732.601
71.000	435.800	-770.300	1757.604
72.000	435.600	-804.000	1782.602
73.000	435.400	-790.200	1807.604
74.000	435.200	-753.500	1832.598
75.000	435.000	-786.600	1857.602
76.000	434.800	-764.000	1882.604
77.000	434.600	-768.900	1907.604
78.000	434.400	-783.700	1932.598
79.000	434.200	-823.200	1957.713
80.000	434.000	-822.100	1982.717
81.000	433.800	-823.400	2007.598
82.000	433.600	-793.100	2032.601
83.000	433.400	-780.100	2057.602
84.000	433.200	-787.000	2082.602
85.000	433.000	-787.800	2107.599
86.000	432.800	-791.500	2132.601
87.000	432.600	-823.800	2157.602
88.000	432.400	-843.700	2182.604
89.000	432.200	-787.700	2207.604
90.000	432.000	-785.500	2232.605
91.000	431.800	-729.600	2257.611
92.000	431.600	-729.100	2282.609
93.000	431.400	-736.800	2307.605
94.000	431.200	-752.400	2332.610
95.000	431.000	-798.600	2357.611
96.000	430.800	-767.700	2382.610
97.000	430.600	-723.900	2407.612
98.000	430.400	-727.900	2432.617
99.000	430.200	-739.600	2457.611
100.000	430.000	-727.400	2482.619
101.000	429.800	0.000	2507.620
