0.000	640.000	-27.000	0.000
1.000	639.800	-25.400	6.991
2.000	639.600	-49.000	31.994
3.000	639.400	-84.300	56.996
4.000	639.200	-43.900	82.003
5.000	639.000	-38.100	106.995
6.000	638.800	-39.600	132.005
7.000	638.600	-71.800	157.005
8.000	638.400	-79.900	181.996
9.000	638.200	-56.900	206.997
10.000	638.000	-41.400	231.999
11.000	637.800	-35.600	257.003
12.000	637.600	-29.800	282.005
13.000	637.400	-44.100	307.010
14.000	637.200	-40.500	332.010
15.000	637.000	-72.900	357.014
16.000	636.800	-89.100	382.005
17.000	636.600	-65.000	407.006
18.000	636.400	-57.900	432.008
19.000	636.200	-62.200	457.006
20.000	636.000	-47.900	482.009
21.000	635.800	-96.500	507.009
22.000	635.600	-67.800	532.016
23.000	635.400	-67.500	557.014
24.000	635.200	-61.000	582.021
25.000	635.000	-98.700	607.018
26.000	634.800	-96.400	632.020
27.000	634.600	-87.000	657.025
28.000	634.400	-92.500	682.017
29.000	634.200	-123.900	707.019
30.000	634.000	-74.100	732.023
31.000	633.800	-75.400	757.021
32.000	633.600	-68.500	782.030
33.000	633.400	-71.900	807.023
34.000	633.200	-76.500	832.023
35.000	633.000	-76.800	857.023
36.000	632.800	-64.300	882.023
37.000	632.600	-69.100	907.032
38.000	632.400	-143.300	932.032
39.000	632.200	-140.300	957.030
40.000	632.000	-106.000	982.029
41.000	631.800	-86.600	1007.027
42.000	631.600	-70.900	1032.032
43.000	631.400	-58.800	1057.033
44.000	631.200	-112.000	1082.038
45.000	631.000	-105.300	1107.031
46.000	630.800	-82.600	1132.040
47.000	630.600	-62.400	1157.033
48.000	630.400	-84.400	1182.045
49.000	630.200	-74.100	1207.036
50.000	630.000	-97.000	1232.035
51.000	629.800	-87.300	1257.036
52.000	629.600	-151.700	1282.040
53.000	629.400	-132.400	1307.041
54.000	629.200	-113.300	1332.042
55.000	629.000	-110.700	1357.051
56.000	628.800	-73.800	1382.048
57.000	628.600	-69.900	1407.042
58.000	628.400	-87.800	1432.046
59.000	628.200	-119.100	1457.052
60.000	628.000	-89.700	1482.050
61.000	627.800	-88.000	1507.045
62.000	627.600	-83.300	1532.059
63.000	627.400	-106.300	1557.050
64.000	627.200	-103.300	1582.048
65.000	627.000	-99.500	1607.061
66.000	626.800	-104.700	1632.060
67.000	626.600	-128.600	1657.052
68.000	626.400	-94.900	1682.059
69.000	626.200	-98.600	1707.056
70.000	626.000	-168.700	1732.066
71.000	625.800	-121.600	1757.055
72.000	625.600	-101.700	1782.058
73.000	625.400	-91.800	1807.060
74.000	625.200	-73.400	1832.063
75.000	625.000	-74.500	1857.059
76.000	624.800	-93.100	1882.062
77.000	624.600	-83.400	1906.986
78.000	624.400	-104.400	1932.064
79.000	624.200	-101.400	1957.093
80.000	624.000	-101.100	1982.063
81.000	623.800	-142.900	2007.066
82.000	623.600	-117.600	2032.067
83.000	623.400	-91.700	2056.989
84.000	623.200	-101.700	2082.069
85.000	623.000	-98.600	2106.990
86.000	622.800	-96.100	2131.993
87.000	622.600	-108.000	2156.983
88.000	622.400	-465.000	2181.992
89.000	622.200	-329.600	2206.987
90.000	622.000	-220.400	2231.984
91.000	621.800	-156.800	2256.987
92.000	621.600	-166.100	2282.105
93.000	621.400	-158.500	2307.106
94.000	621.200	-141.000	2331.986
95.000	621.000	-134.300	2357.105
96.000	620.800	-153.400	2381.990
97.000	620.600	-168.800	2406.982
98.000	620.400	-155.100	2431.986
99.000	620.200	-170.200	2456.991
100.000	620.000	-186.100	2481.985
101.000	619.800	0.000	2506.986
