0.000	625.000	-103.400	0.000
1.000	624.800	-99.700	9.998
2.000	624.600	-90.700	35.014
3.000	624.400	-65.900	60.023
4.000	624.200	-86.700	85.018
5.000	624.000	-73.100	109.997
6.000	623.800	-152.600	135.000
7.000	623.600	-254.100	160.024
8.000	623.400	-171.700	185.033
9.000	623.200	-153.900	210.025
10.000	623.000	-140.600	235.015
11.000	622.800	-136.600	260.032
12.000	622.600	-81.700	285.016
13.000	622.400	-85.200	310.028
14.000	622.200	-157.900	335.023
15.000	622.000	-191.100	360.032
16.000	621.800	-123.200	385.030
17.000	621.600	-150.500	410.025
18.000	621.400	-101.100	435.024
19.000	621.200	-111.100	460.037
20.000	621.000	-112.900	485.022
21.000	620.800	-123.700	510.037
22.000	620.600	-154.100	535.024
23.000	620.400	-116.700	560.035
24.000	620.200	-143.000	585.041
25.000	620.000	-141.800	610.037
26.000	619.800	-162.000	635.025
27.000	619.600	-154.500	660.016
28.000	619.400	-104.200	685.024
29.000	619.200	-93.900	710.032
30.000	619.000	-97.000	735.042
31.000	618.800	-141.200	760.009
32.000	618.600	-118.100	785.033
33.000	618.400	-105.000	810.031
34.000	618.200	-119.100	835.030
35.000	618.000	-91.900	860.032
36.000	617.800	-102.300	885.028
37.000	617.600	-87.200	910.037
38.000	617.400	-125.100	935.030
39.000	617.200	-153.000	959.951
40.000	617.000	-142.300	984.947
41.000	616.800	-290.000	1010.045
42.000	616.600	-249.000	1034.946
43.000	616.400	-230.800	1059.948
44.000	616.200	-175.100	1084.945
45.000	616.000	-343.900	1109.959
46.000	615.800	-507.600	1134.954
47.000	615.600	-331.200	1159.955
48.000	615.400	-311.900	1184.964
49.000	615.200	-400.800	1209.959
50.000	615.000	-342.300	1234.967
51.000	614.800	-332.400	1259.961
52.000	614.600	-271.400	1284.955
53.000	614.400	-323.300	1309.966
54.000	614.200	-366.400	1334.971
55.000	614.000	-302.600	1359.975
56.000	613.800	-227.700	1384.971
57.000	613.600	-232.000	1409.976
58.000	613.400	-247.600	1434.951
59.000	613.200	-290.200	1459.972
60.000	613.000	-253.200	1485.038
61.000	612.800	-222.200	1509.965
62.000	612.600	-207.600	1534.967
63.000	612.400	-308.500	1559.969
64.000	612.200	-240.600	1584.979
65.000	612.000	-241.900	1609.972
66.000	611.800	0.000	1634.980
