0.000	650.000	-2.500	0.000
1.000	649.800	-11.900	12.705
2.000	649.600	-12.600	37.725
3.000	649.400	-10.700	62.703
4.000	649.200	-2.000	87.724
5.000	649.000	-4.400	112.728
6.000	648.800	-10.900	137.731
7.000	648.600	-9.300	162.717
8.000	648.400	-6.900	187.708
9.000	648.200	-0.900	212.707
10.000	648.000	-8.900	237.712
11.000	647.800	-12.000	262.726
12.000	647.600	-9.000	287.730
13.000	647.400	-12.400	312.714
14.000	647.200	-15.100	337.714
15.000	647.000	-8.400	362.731
16.000	646.800	-9.700	387.631
17.000	646.600	-7.000	412.718
18.000	646.400	-7.900	437.718
19.000	646.200	-4.600	462.718
20.000	646.000	-16.700	487.706
21.000	645.800	-9.300	512.702
22.000	645.600	-15.400	537.732
23.000	645.400	-13.300	562.727
24.000	645.200	-9.800	587.639
25.000	645.000	-12.800	612.728
26.000	644.800	-17.400	637.707
27.000	644.600	-80.600	662.704
28.000	644.400	-37.200	687.682
29.000	644.200	-24.400	712.669
30.000	644.000	-14.500	737.725
31.000	643.800	-15.000	762.703
32.000	643.600	-23.000	787.700
33.000	643.400	-20.300	812.695
34.000	643.200	-24.000	837.634
35.000	643.000	-30.000	862.710
36.000	642.800	-25.800	887.689
37.000	642.600	-22.700	912.671
38.000	642.400	-21.700	937.727
39.000	642.200	-14.700	962.722
40.000	642.000	-24.800	987.720
41.000	641.800	-31.500	1012.715
42.000	641.600	-17.500	1037.711
43.000	641.400	-15.800	1062.709
44.000	641.200	-41.900	1087.687
45.000	641.000	-32.300	1112.680
46.000	640.800	-19.300	1137.677
47.000	640.600	-37.100	1162.648
48.000	640.400	-27.600	1187.732
49.000	640.200	-25.400	1212.723
50.000	640.000	-20.400	1237.728
51.000	639.800	-23.100	1262.720
52.000	639.600	-43.100	1287.727
53.000	639.400	-64.000	1312.718
54.000	639.200	-30.000	1337.709
55.000	639.000	-27.400	1362.706
56.000	638.800	-26.100	1387.696
57.000	638.600	-29.300	1412.635
58.000	638.400	-63.500	1437.675
59.000	638.200	-46.700	1462.655
60.000	638.000	-36.300	1487.671
61.000	637.800	-30.200	1512.679
62.000	637.600	-25.700	1537.663
63.000	637.400	-28.100	1562.650
64.000	637.200	-31.100	1587.655
65.000	637.000	-33.500	1612.642
66.000	636.800	-51.200	1637.735
67.000	636.600	-48.800	1662.729
68.000	636.400	-52.100	1687.715
69.000	636.200	-38.100	1712.725
70.000	636.000	-30.100	1737.645
71.000	635.800	-45.900	1762.681
72.000	635.600	-33.800	1787.661
73.000	635.400	-42.400	1812.692
74.000	635.200	-36.800	1837.642
75.000	635.000	-65.000	1862.667
76.000	634.800	0.000	1887.678
