0.000	525.000	-93.933	0.000
1.000	524.800	-105.600	22.509
2.000	524.600	-123.267	47.503
3.000	524.400	-136.067	72.505
4.000	524.200	-125.200	97.507
5.000	524.000	-125.200	122.507
6.000	523.800	-137.267	147.506
7.000	523.600	-143.400	172.508
8.000	523.400	-149.867	197.507
9.000	523.200	-179.533	222.509
10.000	523.000	-194.333	247.508
11.000	522.800	-195.533	272.516
12.000	522.600	-213.333	297.509
13.000	522.400	-252.800	322.512
14.000	522.200	-270.067	347.524
15.000	522.000	-279.000	372.524
16.000	521.800	-259.733	397.516
17.000	521.600	-259.533	422.516
18.000	521.400	-292.267	447.518
19.000	521.200	-311.000	472.517
20.000	521.000	-299.267	497.521
21.000	520.800	-284.333	522.518
22.000	520.600	-324.467	547.525
23.000	520.400	-358.333	572.519
24.000	520.200	-376.267	597.528
25.000	520.000	-367.533	622.522
26.000	519.800	-303.067	647.523
27.000	519.600	-294.200	672.527
28.000	519.400	-308.400	697.527
29.000	519.200	-347.467	722.535
30.000	519.000	-331.600	747.526
31.000	518.800	-331.400	772.535
32.000	518.600	-347.000	797.531
33.000	518.400	-360.600	822.532
34.000	518.200	-344.267	847.539
35.000	518.000	-349.733	872.540
36.000	517.800	-360.000	897.543
37.000	517.600	-326.333	922.535
38.000	517.400	-346.200	947.542
39.000	517.200	-320.667	972.539
40.000	517.000	-347.667	997.536
41.000	516.800	-340.267	1022.539
42.000	516.600	-371.600	1047.547
43.000	516.400	-340.533	1072.539
44.000	516.200	-305.333	1097.545
45.000	516.000	-313.267	1122.541
46.000	515.800	-268.133	1147.545
47.000	515.600	-365.267	1172.544
48.000	515.400	-428.200	1197.554
49.000	515.200	-400.933	1222.544
50.000	515.000	-391.600	1247.548
51.000	514.800	-416.067	1272.546
52.000	514.600	-398.400	1297.548
53.000	514.400	-433.400	1322.556
54.000	514.200	-467.667	1347.549
55.000	514.000	-417.267	1372.549
56.000	513.800	-403.267	1397.558
57.000	513.600	-416.067	1422.557
58.000	513.400	-411.133	1447.553
59.000	513.200	-394.800	1472.553
60.000	513.000	-401.867	1497.557
61.000	512.800	-411.133	1522.563
62.000	512.600	-445.667	1547.560
63.000	512.400	-437.000	1572.563
64.000	512.200	-446.333	1597.561
65.000	512.000	-476.600	1622.569
66.000	511.800	-501.667	1647.565
67.000	511.600	-509.733	1672.565
68.000	511.400	-552.467	1697.571
69.000	511.200	-560.133	1722.567
70.000	511.000	-619.867	1747.573
71.000	510.800	-672.733	1772.625
72.000	510.600	-625.400	1797.552
73.000	510.400	-561.400	1822.649
74.000	510.200	-531.200	1847.559
75.000	510.000	-552.333	1872.645
76.000	509.800	0.000	1897.553
