0.000	460.000	-153.250	0.000
1.000	459.980	-140.312	9.888
2.000	459.960	-144.937	21.785
3.000	459.940	-146.187	33.781
4.000	459.920	-138.875	45.778
5.000	459.900	-140.937	57.777
6.000	459.880	-124.500	69.777
7.000	459.860	-125.125	81.779
8.000	459.840	-126.062	93.888
9.000	459.820	-115.562	105.887
10.000	459.800	-128.500	117.897
11.000	459.780	-136.875	129.896
12.000	459.760	-137.000	141.786
13.000	459.740	-131.937	153.785
14.000	459.720	-126.000	165.777
15.000	459.700	-134.312	177.898
16.000	459.680	-132.187	189.779
17.000	459.660	-120.312	201.897
18.000	459.640	-130.062	213.777
19.000	459.620	-120.937	225.781
20.000	459.600	-136.937	237.779
21.000	459.580	-140.437	249.784
22.000	459.560	-129.312	261.781
23.000	459.540	-119.500	273.784
24.000	459.520	-114.500	285.782
25.000	459.500	-119.562	297.777
26.000	459.480	-129.187	309.777
27.000	459.460	-132.062	321.896
28.000	459.440	-135.125	333.890
29.000	459.420	-140.937	345.781
30.000	459.400	-138.937	357.777
31.000	459.380	-143.375	369.778
32.000	459.360	-150.000	381.780
33.000	459.340	-154.437	393.784
34.000	459.320	-141.875	405.780
35.000	459.300	-133.125	417.784
36.000	459.280	-131.750	429.778
37.000	459.260	-119.125	441.790
38.000	459.240	-120.812	453.782
39.000	459.220	-120.625	465.782
40.000	459.200	-134.875	477.785
41.000	459.180	-118.812	489.793
42.000	459.160	-118.750	501.783
43.000	459.140	-133.875	513.793
44.000	459.120	-143.625	525.783
45.000	459.100	-133.687	537.786
46.000	459.080	-118.437	549.789
47.000	459.060	-123.687	561.789
48.000	459.040	-141.312	573.784
49.000	459.020	-131.687	585.788
50.000	459.000	-129.875	597.791
51.000	458.980	-117.875	609.790
52.000	458.960	-118.437	621.791
53.000	458.940	-107.250	633.789
54.000	458.920	-134.062	645.786
55.000	458.900	-117.500	657.787
56.000	458.880	-123.000	669.795
57.000	458.860	-123.562	681.797
58.000	458.840	-105.250	693.789
59.000	458.820	-122.562	705.800
60.000	458.800	-129.562	717.794
61.000	458.780	-131.875	729.797
62.000	458.760	-122.437	741.791
63.000	458.740	-125.875	753.796
64.000	458.720	-127.375	765.800
65.000	458.700	-124.187	777.794
66.000	458.680	-121.312	789.803
67.000	458.660	-130.937	801.797
68.000	458.640	-109.250	813.802
69.000	458.620	-118.562	825.797
70.000	458.600	-128.562	837.804
71.000	458.580	-132.937	849.797
72.000	458.560	-121.312	861.797
73.000	458.540	-126.125	873.805
74.000	458.520	-112.562	885.800
75.000	458.500	-121.250	897.798
76.000	458.480	-122.875	909.805
77.000	458.460	-125.625	921.807
78.000	458.440	-115.437	933.801
79.000	458.420	-118.937	945.802
80.000	458.400	-122.750	957.800
81.000	458.380	-125.562	969.800
82.000	458.360	-127.375	981.808
83.000	458.340	-129.750	993.809
84.000	458.320	-125.500	1005.805
85.000	458.300	-129.000	1017.801
86.000	458.280	-138.625	1029.805
87.000	458.260	-142.125	1041.807
88.000	458.240	-116.687	1053.805
89.000	458.220	-111.937	1065.810
90.000	458.200	-105.125	1077.810
91.000	458.180	-124.937	1089.805
92.000	458.160	-116.625	1101.810
93.000	458.140	-123.750	1113.807
94.000	458.120	-126.187	1125.809
95.000	458.100	-127.250	1137.811
96.000	458.080	-111.687	1149.809
97.000	458.060	-127.375	1161.806
98.000	458.040	-123.562	1173.812
99.000	458.020	-106.312	1185.816
100.000	458.000	-116.937	1197.811
101.000	457.980	-123.000	1209.812
102.000	457.960	-123.500	1221.814
103.000	457.940	-112.125	1233.813
104.000	457.920	-118.875	1245.812
105.000	457.900	-110.437	1257.812
106.000	457.880	-111.875	1269.818
107.000	457.860	-121.625	1281.816
108.000	457.840	-122.125	1293.815
109.000	457.820	-120.687	1305.813
110.000	457.800	-105.187	1317.814
111.000	457.780	-121.125	1329.815
112.000	457.760	-116.687	1341.816
113.000	457.740	-118.687	1353.814
114.000	457.720	-118.000	1365.814
115.000	457.700	-103.062	1377.817
116.000	457.680	-112.062	1389.816
117.000	457.660	-118.562	1401.818
118.000	457.640	-112.750	1413.826
119.000	457.620	-118.937	1425.817
120.000	457.600	-115.437	1437.823
121.000	457.580	-122.750	1449.819
122.000	457.560	-117.625	1461.821
123.000	457.540	-119.562	1473.818
124.000	457.520	-116.687	1485.820
125.000	457.500	-101.500	1497.818
126.000	457.480	-119.875	1509.823
127.000	457.460	-114.250	1521.821
128.000	457.440	-114.187	1533.825
129.000	457.420	-100.062	1545.831
130.000	457.400	-103.750	1557.827
131.000	457.380	-121.437	1569.827
132.000	457.360	-125.437	1581.829
133.000	457.340	-114.375	1593.826
134.000	457.320	-113.000	1605.826
135.000	457.300	-116.250	1617.836
136.000	457.280	-117.000	1629.824
137.000	457.260	-104.062	1641.826
138.000	457.240	-115.000	1653.828
139.000	457.220	-104.812	1665.828
140.000	457.200	-106.500	1677.829
141.000	457.180	-115.562	1689.835
142.000	457.160	-119.687	1701.829
143.000	457.140	-112.437	1713.834
144.000	457.120	-104.437	1725.830
145.000	457.100	-94.437	1737.833
146.000	457.080	-100.687	1749.838
147.000	457.060	-108.562	1761.830
148.000	457.040	-117.875	1773.828
149.000	457.020	-113.750	1785.829
150.000	457.000	-114.750	1797.831
151.000	456.980	0.000	1809.830
