0.000	600.000	-66.800	0.000
1.000	599.900	-78.500	6.997
2.000	599.800	-97.400	18.998
3.000	599.700	-116.500	30.995
4.000	599.600	-101.000	42.990
5.000	599.500	-116.800	54.999
6.000	599.400	-96.400	66.999
7.000	599.300	-96.200	78.998
8.000	599.200	-93.700	91.002
9.000	599.100	-99.400	102.988
10.000	599.000	-108.400	114.987
11.000	598.900	-92.600	127.005
12.000	598.800	-95.200	138.992
13.000	598.700	-88.400	151.010
14.000	598.600	-117.900	163.009
15.000	598.500	-118.900	175.003
16.000	598.400	-99.100	186.995
17.000	598.300	-124.600	198.989
18.000	598.200	-118.500	211.008
19.000	598.100	-118.800	223.006
20.000	598.000	-100.500	235.001
21.000	597.900	-93.100	247.001
22.000	597.800	-119.000	259.007
23.000	597.700	-134.400	271.004
24.000	597.600	-145.500	283.003
25.000	597.500	-156.400	294.991
26.000	597.400	-145.200	307.014
27.000	597.300	-139.200	318.986
28.000	597.200	-130.600	331.002
29.000	597.100	-135.400	342.995
30.000	597.000	-143.300	355.013
31.000	596.900	-152.200	367.007
32.000	596.800	-140.100	379.015
33.000	596.700	-139.500	391.014
34.000	596.600	-143.200	403.016
35.000	596.500	-135.800	415.002
36.000	596.400	-156.000	427.001
37.000	596.300	-160.900	439.013
38.000	596.200	-163.200	450.999
39.000	596.100	-157.800	463.011
40.000	596.000	-169.700	474.990
41.000	595.900	-174.200	487.009
42.000	595.800	-154.600	499.001
43.000	595.700	-155.100	511.002
44.000	595.600	-148.400	523.011
45.000	595.500	-154.600	535.017
46.000	595.400	-152.800	547.016
47.000	595.300	-166.700	559.010
48.000	595.200	-158.600	571.016
49.000	595.100	-156.300	583.024
50.000	595.000	-164.600	595.018
51.000	594.900	-164.100	607.024
52.000	594.800	-160.900	619.018
53.000	594.700	-157.600	631.019
54.000	594.600	-162.100	643.013
55.000	594.500	-165.700	655.006
56.000	594.400	-153.300	667.024
57.000	594.300	-176.300	679.016
58.000	594.200	-168.800	691.021
59.000	594.100	-176.400	703.007
60.000	594.000	-166.800	715.024
61.000	593.900	-168.600	727.013
62.000	593.800	-188.000	739.027
63.000	593.700	-186.900	751.023
64.000	593.600	-192.100	763.006
65.000	593.500	-182.500	775.020
66.000	593.400	-166.300	787.011
67.000	593.300	-168.300	799.024
68.000	593.200	-189.000	811.014
69.000	593.100	-179.000	822.995
70.000	593.000	-218.800	835.013
71.000	592.900	-215.800	847.020
72.000	592.800	-212.500	858.936
73.000	592.700	-207.900	871.027
74.000	592.600	-230.600	883.013
75.000	592.500	-214.800	895.026
76.000	592.400	-201.000	907.014
77.000	592.300	-217.800	919.029
78.000	592.200	-196.500	931.013
79.000	592.100	-209.100	943.028
80.000	592.000	-228.000	955.010
81.000	591.900	-232.100	967.013
82.000	591.800	-234.600	979.012
83.000	591.700	-210.100	991.024
84.000	591.600	-203.200	1002.935
85.000	591.500	-193.500	1015.012
86.000	591.400	-215.900	1027.022
87.000	591.300	-206.600	1038.940
88.000	591.200	-232.300	1051.029
89.000	591.100	-226.900	1062.939
90.000	591.000	-225.300	1074.937
91.000	590.900	-199.600	1087.025
92.000	590.800	-201.100	1098.936
93.000	590.700	-196.800	1110.942
94.000	590.600	-213.100	1123.023
95.000	590.500	-205.500	1135.030
96.000	590.400	-208.600	1146.941
97.000	590.300	-226.500	1158.946
98.000	590.200	-234.500	1170.936
99.000	590.100	-195.500	1182.945
100.000	590.000	-203.000	1194.946
101.000	589.900	-232.100	1206.947
102.000	589.800	-246.900	1218.949
103.000	589.700	-245.600	1231.026
104.000	589.600	-244.600	1242.941
105.000	589.500	-238.300	1254.943
106.000	589.400	-244.000	1266.936
107.000	589.300	-233.900	1278.949
108.000	589.200	-206.300	1291.034
109.000	589.100	-239.200	1302.952
110.000	589.000	-246.700	1314.942
111.000	588.900	-223.800	1327.025
112.000	588.800	-231.700	1338.945
113.000	588.700	-200.200	1350.937
114.000	588.600	-204.800	1362.952
115.000	588.500	-223.500	1375.030
116.000	588.400	-207.500	1386.949
117.000	588.300	-222.100	1398.937
118.000	588.200	-237.100	1410.956
119.000	588.100	-214.600	1422.937
120.000	588.000	-206.400	1434.950
121.000	587.900	-242.300	1447.036
122.000	587.800	-224.800	1458.953
123.000	587.700	-216.200	1470.938
124.000	587.600	-231.100	1482.943
125.000	587.500	-207.800	1494.950
126.000	587.400	-204.900	1506.951
127.000	587.300	-205.200	1518.944
128.000	587.200	-205.300	1530.995
129.000	587.100	-234.800	1542.945
130.000	587.000	-223.700	1554.941
131.000	586.900	-220.200	1566.953
132.000	586.800	-250.900	1578.940
133.000	586.700	-217.500	1590.957
134.000	586.600	-205.700	1602.952
135.000	586.500	-216.900	1614.947
136.000	586.400	-216.600	1626.963
137.000	586.300	-235.400	1638.948
138.000	586.200	-210.200	1650.952
139.000	586.100	-233.500	1662.963
140.000	586.000	-220.400	1674.938
141.000	585.900	-213.800	1686.950
142.000	585.800	-213.700	1698.951
143.000	585.700	-222.000	1710.963
144.000	585.600	-210.300	1722.964
145.000	585.500	-185.000	1734.962
146.000	585.400	-190.100	1746.943
147.000	585.300	-192.900	1758.955
148.000	585.200	-186.200	1770.962
149.000	585.100	-176.100	1782.948
150.000	585.000	-195.700	1794.951
151.000	584.900	-189.700	1806.967
152.000	584.800	-174.100	1818.952
153.000	584.700	-175.800	1830.951
154.000	584.600	-151.200	1842.961
155.000	584.500	-149.800	1854.972
156.000	584.400	-135.800	1866.956
157.000	584.300	-142.700	1878.972
158.000	584.200	-118.800	1890.954
159.000	584.100	-120.900	1902.966
160.000	584.000	-128.200	1914.970
161.000	583.900	-128.600	1926.971
162.000	583.800	-119.000	1938.967
163.000	583.700	-117.700	1950.969
164.000	583.600	-145.400	1962.957
165.000	583.500	-133.700	1974.976
166.000	583.400	-134.400	1986.978
167.000	583.300	-134.400	1998.964
168.000	583.200	-155.400	2010.969
169.000	583.100	-165.500	2022.948
170.000	583.000	-150.500	2034.960
171.000	582.900	-206.500	2046.971
172.000	582.800	-180.700	2058.979
173.000	582.700	-186.000	2070.971
174.000	582.600	-189.100	2082.974
175.000	582.500	-197.300	2094.959
176.000	582.400	-194.100	2106.971
177.000	582.300	-216.900	2118.968
178.000	582.200	-213.600	2130.974
179.000	582.100	-209.000	2142.981
180.000	582.000	-231.400	2154.983
181.000	581.900	-229.000	2166.967
182.000	581.800	-227.300	2178.972
183.000	581.700	-222.800	2190.975
184.000	581.600	-227.700	2202.979
185.000	581.500	-228.100	2214.986
186.000	581.400	-239.100	2226.972
187.000	581.300	-223.400	2238.983
188.000	581.200	-219.600	2250.971
189.000	581.100	-217.200	2262.976
190.000	581.000	-206.500	2274.984
191.000	580.900	-201.400	2286.979
192.000	580.800	-213.700	2298.976
193.000	580.700	-220.300	2310.976
194.000	580.600	-222.400	2323.024
195.000	580.500	-212.700	2334.968
196.000	580.400	-205.600	2346.991
197.000	580.300	-210.300	2358.986
198.000	580.200	-196.800	2371.028
199.000	580.100	-212.300	2382.989
200.000	580.000	-222.500	2394.971
201.000	579.900	0.000	2406.988
