0.000	525.000	-404.333	0.000
1.000	524.800	-435.400	22.509
2.000	524.600	-468.733	47.503
3.000	524.400	-477.133	72.505
4.000	524.200	-514.400	97.507
5.000	524.000	-525.800	122.507
6.000	523.800	-533.000	147.506
7.000	523.600	-517.267	172.508
8.000	523.400	-503.400	197.507
9.000	523.200	-534.467	222.509
10.000	523.000	-523.600	247.508
11.000	522.800	-510.467	272.516
12.000	522.600	-520.333	297.509
13.000	522.400	-539.600	322.512
14.000	522.200	-575.533	347.524
15.000	522.000	-595.933	372.524
16.000	521.800	-580.600	397.516
17.000	521.600	-602.200	422.516
18.000	521.400	-607.133	447.518
19.000	521.200	-613.800	472.517
20.000	521.000	-624.733	497.521
21.000	520.800	-625.000	522.518
22.000	520.600	-640.400	547.525
23.000	520.400	-697.000	572.519
24.000	520.200	-709.333	597.528
25.000	520.000	-749.467	622.522
26.000	519.800	-830.000	647.523
27.000	519.600	-796.267	672.527
28.000	519.400	-722.333	697.527
29.000	519.200	-729.200	722.535
30.000	519.000	-725.267	747.526
31.000	518.800	-697.667	772.535
32.000	518.600	-691.333	797.531
33.000	518.400	-695.267	822.532
34.000	518.200	-703.333	847.539
35.000	518.000	-672.067	872.540
36.000	517.800	-695.133	897.543
37.000	517.600	-675.533	922.535
38.000	517.400	-676.333	947.542
39.000	517.200	-673.200	972.539
40.000	517.000	-765.600	997.536
41.000	516.800	-765.133	1022.539
42.000	516.600	-771.133	1047.547
43.000	516.400	-741.467	1072.539
44.000	516.200	-789.867	1097.545
45.000	516.000	-868.733	1122.541
46.000	515.800	-887.533	1147.545
47.000	515.600	-761.267	1172.544
48.000	515.400	-720.600	1197.554
49.000	515.200	-758.467	1222.544
50.000	515.000	-796.533	1247.548
51.000	514.800	-785.933	1272.546
52.000	514.600	-786.200	1297.548
53.000	514.400	-804.200	1322.556
54.000	514.200	-785.933	1347.549
55.000	514.000	-779.467	1372.549
56.000	513.800	-803.333	1397.558
57.000	513.600	-813.667	1422.557
58.000	513.400	-812.133	1447.553
59.000	513.200	-797.600	1472.553
60.000	513.000	-800.600	1497.557
61.000	512.800	-819.533	1522.563
62.000	512.600	-810.667	1547.560
63.000	512.400	-839.000	1572.563
64.000	512.200	-842.200	1597.561
65.000	512.000	-839.267	1622.569
66.000	511.800	-813.400	1647.565
67.000	511.600	-782.600	1672.565
68.000	511.400	-835.333	1697.571
69.000	511.200	-834.667	1722.567
70.000	511.000	-777.400	1747.573
71.000	510.800	-753.800	1772.625
72.000	510.600	-774.133	1797.552
73.000	510.400	-752.200	1822.649
74.000	510.200	-742.000	1847.559
75.000	510.000	-726.667	1872.645
76.000	509.800	0.000	1897.553
