0.000	662.000	4.700	0.000
1.000	661.800	-2.500	13.061
2.000	661.600	-5.500	38.062
3.000	661.400	-3.900	63.061
4.000	661.200	-1.500	88.063
5.000	661.000	-4.700	113.063
6.000	660.800	-8.800	138.071
7.000	660.600	-6.800	163.064
8.000	660.400	-5.600	188.066
9.000	660.200	-8.700	213.069
10.000	660.000	-5.600	238.071
11.000	659.800	-8.200	263.079
12.000	659.600	-7.200	288.070
13.000	659.400	-7.000	313.073
14.000	659.200	-7.000	338.070
15.000	659.000	-0.800	363.073
16.000	658.800	-1.200	388.073
17.000	658.600	-1.800	413.079
18.000	658.400	-3.000	438.082
19.000	658.200	-1.000	463.081
20.000	658.000	-3.000	488.086
21.000	657.800	-5.000	513.078
22.000	657.600	-4.800	538.078
23.000	657.400	-5.800	563.085
24.000	657.200	-6.800	588.083
25.000	657.000	-13.000	613.085
26.000	656.800	-8.500	638.089
27.000	656.600	-11.700	663.088
28.000	656.400	-1.500	688.094
29.000	656.200	-4.500	713.087
30.000	656.000	-2.100	738.089
31.000	655.800	-9.900	763.095
32.000	655.600	-7.700	788.094
33.000	655.400	-10.000	813.097
34.000	655.200	-8.300	838.090
35.000	655.000	-9.700	863.099
36.000	654.800	-12.200	888.092
37.000	654.600	-6.700	913.095
38.000	654.400	-11.600	938.097
39.000	654.200	-9.800	963.094
40.000	654.000	-10.900	988.014
41.000	653.800	-11.100	1013.130
42.000	653.600	-10.800	1038.096
43.000	653.400	-12.200	1063.099
44.000	653.200	-9.700	1088.102
45.000	653.000	-6.600	1113.131
46.000	652.800	-8.700	1138.129
47.000	652.600	-6.200	1163.019
48.000	652.400	-3.900	1188.019
49.000	652.200	-3.300	1213.019
50.000	652.000	1.500	1238.025
51.000	651.800	-5.500	1263.021
52.000	651.600	-4.800	1288.023
53.000	651.400	-6.400	1313.130
54.000	651.200	-6.100	1338.021
55.000	651.000	-17.900	1363.028
56.000	650.800	-13.900	1388.017
57.000	650.600	-9.300	1413.030
58.000	650.400	-9.100	1438.022
59.000	650.200	-9.400	1463.021
60.000	650.000	-14.500	1488.027
61.000	649.800	0.000	1513.025
