0.000	450.000	-1312.700	0.000
1.000	449.800	-1307.200	7.622
2.000	449.600	-1349.600	32.623
3.000	449.400	-1293.100	57.623
4.000	449.200	-1237.400	82.625
5.000	449.000	-1221.300	107.628
6.000	448.800	-1170.500	132.628
7.000	448.600	-1172.500	157.637
8.000	448.400	-1113.900	182.627
9.000	448.200	-1115.400	207.635
10.000	448.000	-1078.600	232.633
11.000	447.800	-1122.800	257.640
12.000	447.600	-1181.600	282.632
13.000	447.400	-1272.400	307.636
14.000	447.200	-1210.100	332.643
15.000	447.000	-1240.400	357.643
16.000	446.800	-1252.500	382.634
17.000	446.600	-1306.000	407.639
18.000	446.400	-1199.700	432.645
19.000	446.200	-1171.900	457.639
20.000	446.000	-1187.700	482.646
21.000	445.800	-1252.000	507.639
22.000	445.600	-1250.700	532.647
23.000	445.400	-1308.400	557.643
24.000	445.200	-1238.100	582.643
25.000	445.000	-1218.300	607.644
26.000	444.800	-1146.000	632.646
27.000	444.600	-1204.000	657.646
28.000	444.400	-1167.100	682.647
29.000	444.200	-1180.400	707.646
30.000	444.000	-1170.400	732.647
31.000	443.800	-1241.900	757.652
32.000	443.600	-1296.000	782.649
33.000	443.400	-1306.800	807.652
34.000	443.200	-1304.600	832.663
35.000	443.000	-1291.200	857.654
36.000	442.800	-1261.200	882.657
37.000	442.600	-1222.600	907.658
38.000	442.400	-1274.500	932.664
39.000	442.200	-1337.700	957.657
40.000	442.000	-1375.200	982.657
41.000	441.800	-1355.500	1007.667
42.000	441.600	-1398.300	1032.659
43.000	441.400	-1410.700	1057.669
44.000	441.200	-1427.400	1082.666
45.000	441.000	-1433.600	1107.664
46.000	440.800	-1384.200	1132.671
47.000	440.600	-1358.500	1157.670
48.000	440.400	-1316.900	1182.669
49.000	440.200	-1294.000	1207.664
50.000	440.000	-1401.200	1232.670
51.000	439.800	-1413.000	1257.672
52.000	439.600	-1356.800	1282.669
53.000	439.400	-1396.800	1307.669
54.000	439.200	-1360.100	1332.675
55.000	439.000	-1267.700	1357.674
56.000	438.800	-1212.600	1382.681
57.000	438.600	-1207.100	1407.596
58.000	438.400	-1150.800	1432.678
59.000	438.200	-1126.600	1457.677
60.000	438.000	-1157.100	1482.676
61.000	437.800	-1201.500	1507.705
62.000	437.600	-1226.400	1532.594
63.000	437.400	-1246.100	1557.598
64.000	437.200	-1185.900	1582.706
65.000	437.000	-1123.900	1607.605
66.000	436.800	-1074.100	1632.602
67.000	436.600	-1024.400	1657.597
68.000	436.400	-1032.500	1682.602
69.000	436.200	-1038.000	1707.597
70.000	436.000	-1033.000	1732.601
71.000	435.800	-1010.600	1757.604
72.000	435.600	-1076.100	1782.602
73.000	435.400	-1075.600	1807.604
74.000	435.200	-1140.600	1832.598
75.000	435.000	-1208.300	1857.602
76.000	434.800	-1203.500	1882.604
77.000	434.600	-1230.700	1907.604
78.000	434.400	-1272.800	1932.598
79.000	434.200	-1296.900	1957.713
80.000	434.000	-1307.300	1982.717
81.000	433.800	-1316.700	2007.598
82.000	433.600	-1314.500	2032.601
83.000	433.400	-1301.200	2057.602
84.000	433.200	-1317.800	2082.602
85.000	433.000	-1338.500	2107.599
86.000	432.800	-1348.000	2132.601
87.000	432.600	-1344.800	2157.602
88.000	432.400	-1291.300	2182.604
89.000	432.200	-1184.100	2207.604
90.000	432.000	-1121.300	2232.605
91.000	431.800	-1033.700	2257.611
92.000	431.600	-985.100	2282.609
93.000	431.400	-999.700	2307.605
94.000	431.200	-968.800	2332.610
95.000	431.000	-951.200	2357.611
96.000	430.800	-866.500	2382.610
97.000	430.600	-794.200	2407.612
98.000	430.400	-794.600	2432.617
99.000	430.200	-888.400	2457.611
100.000	430.000	-1029.800	2482.619
101.000	429.800	0.000	2507.620
