0.000	640.000	-19.100	0.000
1.000	639.800	-41.100	8.700
2.000	639.600	-67.900	33.696
3.000	639.400	-94.100	58.698
4.000	639.200	-105.800	83.699
5.000	639.000	-57.000	108.700
6.000	638.800	-28.000	133.695
7.000	638.600	-31.600	158.816
8.000	638.400	-31.100	183.704
9.000	638.200	-55.800	208.706
10.000	638.000	-129.100	233.698
11.000	637.800	-92.000	258.707
12.000	637.600	-44.600	283.697
13.000	637.400	-32.000	308.700
14.000	637.200	-25.400	333.706
15.000	637.000	-17.800	358.701
16.000	636.800	-24.300	383.710
17.000	636.600	-50.700	408.701
18.000	636.400	-48.900	433.706
19.000	636.200	-42.900	458.704
20.000	636.000	-142.700	483.709
21.000	635.800	-74.800	508.712
22.000	635.600	-91.900	533.707
23.000	635.400	-82.700	558.713
24.000	635.200	-257.600	583.709
25.000	635.000	-802.000	608.711
26.000	634.800	-349.500	633.710
27.000	634.600	-155.500	658.711
28.000	634.400	-134.300	683.712
29.000	634.200	-152.200	708.724
30.000	634.000	-109.400	733.716
31.000	633.800	-265.700	758.719
32.000	633.600	-186.100	783.725
33.000	633.400	-101.700	808.714
34.000	633.200	-65.800	833.717
35.000	633.000	-100.800	858.719
36.000	632.800	-141.700	883.733
37.000	632.600	-118.800	908.728
38.000	632.400	-115.800	933.722
39.000	632.200	-375.200	958.725
40.000	632.000	-316.800	983.726
41.000	631.800	-155.400	1008.727
42.000	631.600	-171.700	1033.734
43.000	631.400	-97.800	1058.729
44.000	631.200	-67.600	1083.729
45.000	631.000	-311.500	1108.737
46.000	630.800	-188.700	1133.730
47.000	630.600	-155.500	1158.731
48.000	630.400	-120.900	1183.734
49.000	630.200	-102.000	1208.739
50.000	630.000	-61.500	1233.734
51.000	629.800	-62.800	1258.735
52.000	629.600	-48.200	1283.734
53.000	629.400	-49.600	1308.739
54.000	629.200	-52.800	1333.745
55.000	629.000	-43.600	1358.738
56.000	628.800	-72.300	1383.738
57.000	628.600	-98.300	1408.742
58.000	628.400	-81.700	1433.749
59.000	628.200	-60.100	1458.740
60.000	628.000	-57.100	1483.752
61.000	627.800	-57.800	1508.742
62.000	627.600	-67.600	1533.753
63.000	627.400	-65.600	1558.746
64.000	627.200	-106.500	1583.748
65.000	627.000	-143.800	1608.758
66.000	626.800	-334.800	1633.751
67.000	626.600	-447.600	1658.755
68.000	626.400	-222.900	1683.753
69.000	626.200	-149.800	1708.753
70.000	626.000	-158.400	1733.755
71.000	625.800	-145.700	1758.751
72.000	625.600	-145.400	1783.756
73.000	625.400	-158.900	1808.755
74.000	625.200	-140.900	1833.755
75.000	625.000	-149.100	1858.764
76.000	624.800	-148.500	1883.758
77.000	624.600	-161.700	1908.766
78.000	624.400	-115.300	1933.763
79.000	624.200	-164.500	1958.770
80.000	624.000	-123.500	1983.762
81.000	623.800	-260.800	2008.764
82.000	623.600	-403.400	2033.764
83.000	623.400	-270.500	2058.766
84.000	623.200	-264.500	2083.766
85.000	623.000	-234.700	2108.766
86.000	622.800	-219.800	2133.772
87.000	622.600	-138.700	2158.768
88.000	622.400	-142.900	2183.768
89.000	622.200	-237.200	2208.774
90.000	622.000	-293.500	2233.773
91.000	621.800	-192.300	2258.806
92.000	621.600	-236.000	2283.774
93.000	621.400	-175.400	2308.774
94.000	621.200	-176.000	2333.774
95.000	621.000	-190.900	2358.774
96.000	620.800	-208.300	2383.776
97.000	620.600	-354.700	2408.777
98.000	620.400	-249.500	2433.778
99.000	620.200	-268.000	2458.695
100.000	620.000	-238.400	2483.694
101.000	619.800	0.000	2508.806
