0.000	490.000	-664.000	0.000
1.000	489.800	-682.467	21.623
2.000	489.600	-701.667	46.576
3.000	489.400	-682.533	71.570
4.000	489.200	-693.000	96.574
5.000	489.000	-695.467	121.558
6.000	488.800	-741.867	146.558
7.000	488.600	-738.933	171.564
8.000	488.400	-740.867	196.560
9.000	488.200	-751.467	221.564
10.000	488.000	-742.533	246.579
11.000	487.800	-743.467	271.582
12.000	487.600	-771.267	296.557
13.000	487.400	-773.200	321.526
14.000	487.200	-811.200	346.569
15.000	487.000	-834.533	371.581
16.000	486.800	-838.133	396.582
17.000	486.600	-814.600	421.572
18.000	486.400	-818.467	446.577
19.000	486.200	-817.667	471.574
20.000	486.000	-845.133	496.585
21.000	485.800	-815.733	521.571
22.000	485.600	-813.933	546.574
23.000	485.400	-799.867	571.595
24.000	485.200	-806.533	596.583
25.000	485.000	-821.667	621.599
26.000	484.800	-804.000	646.588
27.000	484.600	-816.400	671.595
28.000	484.400	-818.933	696.593
29.000	484.200	-802.867	721.602
30.000	484.000	-849.333	746.605
31.000	483.800	-855.333	771.591
32.000	483.600	-849.467	796.583
33.000	483.400	-813.533	821.601
34.000	483.200	-873.600	846.588
35.000	483.000	-867.600	871.607
36.000	482.800	-835.267	896.589
37.000	482.600	-871.867	921.599
38.000	482.400	-855.600	946.609
39.000	482.200	-862.467	971.611
40.000	482.000	-892.800	996.603
41.000	481.800	-877.933	1021.585
42.000	481.600	-920.933	1046.610
43.000	481.400	-884.867	1071.591
44.000	481.200	-871.267	1096.605
45.000	481.000	-846.400	1121.608
46.000	480.800	-884.467	1146.602
47.000	480.600	-866.133	1171.612
48.000	480.400	-843.467	1196.616
49.000	480.200	-865.067	1221.608
50.000	480.000	-825.467	1246.604
51.000	479.800	0.000	1271.522
