0.000	450.000	-221.700	0.000
1.000	449.800	-231.833	3.199
2.000	449.600	-290.033	28.203
3.000	449.400	-251.033	53.259
4.000	449.200	-237.733	78.272
5.000	449.000	-241.567	103.280
6.000	448.800	-221.367	128.295
7.000	448.600	-216.433	153.296
8.000	448.400	-190.000	178.293
9.000	448.200	-196.133	203.290
10.000	448.000	-209.333	228.283
11.000	447.800	-226.200	253.290
12.000	447.600	-250.733	278.298
13.000	447.400	-326.567	303.299
14.000	447.200	-370.500	328.299
15.000	447.000	-395.600	353.291
16.000	446.800	-390.133	378.299
17.000	446.600	-433.200	403.269
18.000	446.400	-440.000	428.285
19.000	446.200	-417.667	453.210
20.000	446.000	-448.133	478.202
21.000	445.800	-439.933	503.207
22.000	445.600	-526.733	528.202
23.000	445.400	-472.633	553.299
24.000	445.200	-507.567	578.293
25.000	445.000	-469.233	603.298
26.000	444.800	-500.067	628.207
27.000	444.600	-513.033	653.288
28.000	444.400	-518.233	678.215
29.000	444.200	-555.267	703.211
30.000	444.000	-620.767	728.206
31.000	443.800	-712.900	753.300
32.000	443.600	-869.200	778.211
33.000	443.400	-974.133	803.221
34.000	443.200	-1037.933	828.218
35.000	443.000	-1004.967	853.207
36.000	442.800	-994.500	878.210
37.000	442.600	-955.433	903.223
38.000	442.400	-879.800	928.218
39.000	442.200	-830.000	953.216
40.000	442.000	-778.033	978.224
41.000	441.800	-799.933	1003.217
42.000	441.600	-798.967	1028.228
43.000	441.400	-733.467	1053.214
44.000	441.200	-834.000	1078.225
45.000	441.000	-885.667	1103.233
46.000	440.800	-897.167	1128.206
47.000	440.600	-913.067	1153.235
48.000	440.400	-974.533	1178.235
49.000	440.200	-974.867	1203.219
50.000	440.000	-1014.700	1228.313
51.000	439.800	-1027.567	1253.233
52.000	439.600	-980.800	1278.219
53.000	439.400	-946.867	1303.222
54.000	439.200	-979.433	1328.242
55.000	439.000	-989.633	1353.243
56.000	438.800	-953.967	1378.239
57.000	438.600	-873.167	1403.241
58.000	438.400	-796.733	1428.218
59.000	438.200	-704.267	1453.239
60.000	438.000	-812.900	1478.226
61.000	437.800	-901.967	1503.242
62.000	437.600	-992.100	1528.235
63.000	437.400	-1046.700	1553.231
64.000	437.200	-1026.833	1578.231
65.000	437.000	-949.100	1603.231
66.000	436.800	-866.433	1628.234
67.000	436.600	-809.567	1653.242
68.000	436.400	-806.500	1678.244
69.000	436.200	-731.233	1703.249
70.000	436.000	-764.767	1728.250
71.000	435.800	-828.667	1753.243
72.000	435.600	-929.633	1778.238
73.000	435.400	-868.333	1803.247
74.000	435.200	-915.800	1828.237
75.000	435.000	-890.433	1853.251
76.000	434.800	-904.833	1878.239
77.000	434.600	-856.933	1903.263
78.000	434.400	-820.533	1928.238
79.000	434.200	-805.133	1953.252
80.000	434.000	-761.533	1978.265
81.000	433.800	-812.900	2003.238
82.000	433.600	-813.433	2028.251
83.000	433.400	-800.433	2053.246
84.000	433.200	-782.100	2078.259
85.000	433.000	-736.600	2103.270
86.000	432.800	-673.667	2128.261
87.000	432.600	-669.733	2153.256
88.000	432.400	-603.433	2178.244
89.000	432.200	-502.833	2203.248
90.000	432.000	-452.800	2228.266
91.000	431.800	-409.433	2253.266
92.000	431.600	-357.100	2278.265
93.000	431.400	-402.400	2303.278
94.000	431.200	-360.967	2328.256
95.000	431.000	-369.733	2353.263
96.000	430.800	-319.033	2378.275
97.000	430.600	-324.300	2403.270
98.000	430.400	-351.567	2428.243
99.000	430.200	-416.900	2453.282
100.000	430.000	-530.667	2478.285
101.000	429.800	0.000	2503.282
