0.000	470.000	-38.875	0.000
1.000	469.800	-46.875	15.811
2.000	469.600	-44.812	40.805
3.000	469.400	-37.875	65.821
4.000	469.200	-48.250	90.818
5.000	469.000	-46.062	115.802
6.000	468.800	-44.812	140.813
7.000	468.600	-47.875	165.816
8.000	468.400	-52.062	190.815
9.000	468.200	-48.875	215.728
10.000	468.000	-55.750	240.815
11.000	467.800	-58.125	265.816
12.000	467.600	-52.312	290.810
13.000	467.400	-55.500	315.806
14.000	467.200	-51.937	340.731
15.000	467.000	-58.125	365.808
16.000	466.800	-49.937	390.810
17.000	466.600	-50.500	415.734
18.000	466.400	-50.437	440.731
19.000	466.200	-52.250	465.731
20.000	466.000	-56.062	490.826
21.000	465.800	-60.437	515.818
22.000	465.600	-64.875	540.814
23.000	465.400	-62.250	565.828
24.000	465.200	-56.125	590.817
25.000	465.000	-52.375	615.823
26.000	464.800	-50.687	640.730
27.000	464.600	-62.750	665.735
28.000	464.400	-60.687	690.738
29.000	464.200	-74.125	715.728
30.000	464.000	-62.125	740.746
31.000	463.800	-61.812	765.745
32.000	463.600	-53.250	790.783
33.000	463.400	-54.937	815.746
34.000	463.200	-54.937	840.736
35.000	463.000	-64.562	865.748
36.000	462.800	-65.062	890.744
37.000	462.600	-67.062	915.751
38.000	462.400	-59.000	940.751
39.000	462.200	-59.250	965.739
40.000	462.000	-54.375	990.752
41.000	461.800	-49.562	1015.744
42.000	461.600	-55.937	1040.734
43.000	461.400	-60.000	1065.733
44.000	461.200	-58.812	1090.750
45.000	461.000	-66.437	1115.746
46.000	460.800	-67.625	1140.753
47.000	460.600	-61.500	1165.762
48.000	460.400	-63.125	1190.757
49.000	460.200	-61.625	1215.749
50.000	460.000	-61.375	1240.765
51.000	459.800	-59.125	1265.754
52.000	459.600	-68.000	1290.768
53.000	459.400	-76.937	1315.768
54.000	459.200	-68.187	1340.740
55.000	459.000	-67.250	1365.766
56.000	458.800	-65.875	1390.756
57.000	458.600	-65.187	1415.753
58.000	458.400	-64.187	1440.737
59.000	458.200	-67.312	1465.763
60.000	458.000	-70.312	1490.809
61.000	457.800	-61.500	1515.775
62.000	457.600	-57.312	1540.760
63.000	457.400	-56.812	1565.777
64.000	457.200	-63.437	1590.753
65.000	457.000	-65.312	1615.776
66.000	456.800	-67.125	1640.777
67.000	456.600	-67.437	1665.759
68.000	456.400	-67.375	1690.773
69.000	456.200	-70.812	1715.772
70.000	456.000	-71.625	1740.782
71.000	455.800	-68.000	1765.775
72.000	455.600	-81.125	1790.779
73.000	455.400	-81.375	1815.769
74.000	455.200	-80.625	1840.789
75.000	455.000	-79.687	1865.775
76.000	454.800	-80.937	1890.783
77.000	454.600	-85.062	1915.753
78.000	454.400	-93.937	1940.783
79.000	454.200	-96.812	1965.789
80.000	454.000	-93.875	1990.778
81.000	453.800	-102.937	2015.795
82.000	453.600	-91.437	2040.790
83.000	453.400	-98.625	2065.795
84.000	453.200	-89.000	2090.784
85.000	453.000	-101.312	2115.781
86.000	452.800	-100.625	2140.782
87.000	452.600	-108.500	2165.760
88.000	452.400	-103.125	2190.785
89.000	452.200	-114.500	2215.795
90.000	452.000	-110.250	2240.801
91.000	451.800	-102.187	2265.797
92.000	451.600	-106.187	2290.791
93.000	451.400	-117.812	2315.782
94.000	451.200	-108.312	2340.793
95.000	451.000	-103.500	2365.794
96.000	450.800	-111.187	2390.799
97.000	450.600	-100.187	2415.782
98.000	450.400	-101.125	2440.810
99.000	450.200	-107.937	2465.789
100.000	450.000	-106.562	2490.796
101.000	449.800	0.000	2515.813
