0.000	490.000	-249.133	0.000
1.000	489.800	-278.800	10.856
2.000	489.600	-319.333	35.864
3.000	489.400	-353.067	60.862
4.000	489.200	-391.133	85.860
5.000	489.000	-416.200	110.863
6.000	488.800	-409.133	135.860
7.000	488.600	-414.400	160.863
8.000	488.400	-391.467	185.862
9.000	488.200	-390.800	210.866
10.000	488.000	-381.133	235.864
11.000	487.800	-389.600	260.863
12.000	487.600	-391.933	285.864
13.000	487.400	-415.600	310.865
14.000	487.200	-443.200	335.876
15.000	487.000	-453.733	360.880
16.000	486.800	-461.600	385.877
17.000	486.600	-484.067	410.869
18.000	486.400	-478.467	435.880
19.000	486.200	-492.067	460.875
20.000	486.000	-496.533	485.872
21.000	485.800	-517.933	510.884
22.000	485.600	-553.333	535.876
23.000	485.400	-553.667	560.878
24.000	485.200	-543.267	585.882
25.000	485.000	-552.800	610.879
26.000	484.800	-589.267	635.890
27.000	484.600	-610.267	660.882
28.000	484.400	-602.600	685.883
29.000	484.200	-600.667	710.884
30.000	484.000	-623.800	735.884
31.000	483.800	-659.600	760.884
32.000	483.600	-677.733	785.891
33.000	483.400	-699.333	810.887
34.000	483.200	-710.333	835.895
35.000	483.000	-709.800	860.892
36.000	482.800	-733.067	885.894
37.000	482.600	-725.867	910.891
38.000	482.400	-751.467	935.890
39.000	482.200	-789.067	960.891
40.000	482.000	-787.400	985.890
41.000	481.800	-789.667	1010.902
42.000	481.600	-830.267	1035.896
43.000	481.400	-840.200	1060.904
44.000	481.200	-879.400	1085.899
45.000	481.000	-855.333	1110.900
46.000	480.800	-860.600	1135.897
47.000	480.600	-887.133	1160.897
48.000	480.400	-891.733	1185.907
49.000	480.200	-922.333	1210.899
50.000	480.000	-886.467	1235.906
51.000	479.800	-911.800	1260.900
52.000	479.600	-959.533	1285.909
53.000	479.400	-941.733	1310.906
54.000	479.200	-942.600	1335.906
55.000	479.000	-946.200	1360.907
56.000	478.800	-967.667	1385.908
57.000	478.600	-971.733	1410.910
58.000	478.400	-964.800	1435.909
59.000	478.200	-974.067	1460.909
60.000	478.000	-971.667	1485.910
61.000	477.800	-948.467	1510.910
62.000	477.600	-944.533	1535.913
63.000	477.400	-926.667	1560.915
64.000	477.200	-933.067	1585.913
65.000	477.000	-956.000	1610.915
66.000	476.800	-948.333	1635.917
67.000	476.600	-939.600	1660.917
68.000	476.400	-938.600	1685.924
69.000	476.200	-943.933	1710.920
70.000	476.000	-953.067	1735.927
71.000	475.800	-938.867	1760.929
72.000	475.600	-939.000	1785.930
73.000	475.400	-937.000	1810.923
74.000	475.200	-927.467	1835.929
75.000	475.000	-941.333	1860.925
76.000	474.800	-944.467	1885.932
77.000	474.600	-955.133	1910.925
78.000	474.400	-960.933	1935.936
79.000	474.200	-980.733	1960.934
80.000	474.000	-992.467	1985.933
81.000	473.800	-963.333	2010.940
82.000	473.600	-966.933	2035.936
83.000	473.400	-959.733	2060.931
84.000	473.200	-958.467	2085.933
85.000	473.000	-947.200	2110.939
86.000	472.800	-936.800	2135.969
87.000	472.600	-928.933	2160.968
88.000	472.400	-924.933	2185.937
89.000	472.200	-929.333	2210.967
90.000	472.000	-903.533	2235.860
91.000	471.800	-873.067	2260.938
92.000	471.600	-819.600	2285.940
93.000	471.400	-809.867	2310.939
94.000	471.200	-813.400	2335.941
95.000	471.000	-816.933	2360.856
96.000	470.800	-819.733	2385.857
97.000	470.600	-833.067	2410.859
98.000	470.400	-844.533	2435.862
99.000	470.200	-829.467	2460.865
100.000	470.000	-835.867	2485.862
101.000	469.800	0.000	2510.862
