0.000	525.000	-49.800	0.000
1.000	524.800	-45.133	0.274
2.000	524.600	-46.333	12.240
3.000	524.400	-49.000	24.241
4.000	524.200	-58.533	36.241
5.000	524.000	-48.267	48.241
6.000	523.800	-45.067	60.248
7.000	523.600	-50.533	72.243
8.000	523.400	-38.667	84.251
9.000	523.200	-45.733	96.252
10.000	523.000	-42.333	108.252
11.000	522.800	-47.267	120.253
12.000	522.600	-50.133	132.245
13.000	522.400	-59.200	144.254
14.000	522.200	-55.600	156.243
15.000	522.000	-54.533	168.248
16.000	521.800	-42.933	180.164
17.000	521.600	-50.667	192.250
18.000	521.400	-47.533	204.248
19.000	521.200	-54.000	216.246
20.000	521.000	-44.933	228.251
21.000	520.800	-36.133	240.247
22.000	520.600	-39.267	252.249
23.000	520.400	-59.200	264.251
24.000	520.200	-58.000	276.249
25.000	520.000	-50.800	288.253
26.000	519.800	-63.000	300.281
27.000	519.600	-70.067	312.250
28.000	519.400	-67.200	324.254
29.000	519.200	-53.000	336.249
30.000	519.000	-53.067	348.251
31.000	518.800	-60.333	360.281
32.000	518.600	-53.133	372.252
33.000	518.400	-47.800	384.173
34.000	518.200	-69.067	396.171
35.000	518.000	-58.667	408.171
36.000	517.800	-58.267	420.173
37.000	517.600	-46.867	432.283
38.000	517.400	-62.067	444.254
39.000	517.200	-57.600	456.169
40.000	517.000	-53.733	468.281
41.000	516.800	-54.800	480.168
42.000	516.600	-52.667	492.174
43.000	516.400	-57.333	504.169
44.000	516.200	-65.267	516.170
45.000	516.000	-61.267	528.172
46.000	515.800	-54.933	540.282
47.000	515.600	-58.667	552.171
48.000	515.400	-57.933	564.179
49.000	515.200	-67.733	576.171
50.000	515.000	-78.400	588.178
51.000	514.800	-78.267	600.279
52.000	514.600	-85.000	612.175
53.000	514.400	-81.067	624.178
54.000	514.200	-79.267	636.177
55.000	514.000	-73.000	648.282
56.000	513.800	-65.267	660.177
57.000	513.600	-69.867	672.171
58.000	513.400	-84.133	684.173
59.000	513.200	-78.800	696.179
60.000	513.000	-81.600	708.172
61.000	512.800	-70.000	720.173
62.000	512.600	-63.800	732.173
63.000	512.400	-80.933	744.292
64.000	512.200	-82.400	756.172
65.000	512.000	-75.733	768.180
66.000	511.800	-58.467	780.173
67.000	511.600	-66.467	792.181
68.000	511.400	-67.400	804.182
69.000	511.200	-68.467	816.181
70.000	511.000	-67.400	828.287
71.000	510.800	-84.867	840.289
72.000	510.600	-84.667	852.294
73.000	510.400	-77.133	864.172
74.000	510.200	-77.267	876.170
75.000	510.000	-82.867	888.173
76.000	509.800	0.000	900.170
