0.000	450.000	-513.500	0.000
1.000	449.800	-517.200	7.622
2.000	449.600	-511.000	32.623
3.000	449.400	-479.100	57.623
4.000	449.200	-472.500	82.625
5.000	449.000	-441.200	107.628
6.000	448.800	-388.700	132.628
7.000	448.600	-374.100	157.637
8.000	448.400	-381.300	182.627
9.000	448.200	-382.100	207.635
10.000	448.000	-370.000	232.633
11.000	447.800	-377.600	257.640
12.000	447.600	-419.300	282.632
13.000	447.400	-467.200	307.636
14.000	447.200	-433.500	332.643
15.000	447.000	-439.100	357.643
16.000	446.800	-419.900	382.634
17.000	446.600	-444.800	407.639
18.000	446.400	-432.100	432.645
19.000	446.200	-421.000	457.639
20.000	446.000	-447.900	482.646
21.000	445.800	-504.200	507.639
22.000	445.600	-479.000	532.647
23.000	445.400	-481.100	557.643
24.000	445.200	-445.100	582.643
25.000	445.000	-469.500	607.644
26.000	444.800	-417.400	632.646
27.000	444.600	-428.100	657.646
28.000	444.400	-400.200	682.647
29.000	444.200	-418.800	707.646
30.000	444.000	-430.100	732.647
31.000	443.800	-434.400	757.652
32.000	443.600	-417.400	782.649
33.000	443.400	-451.700	807.652
34.000	443.200	-448.200	832.663
35.000	443.000	-457.900	857.654
36.000	442.800	-442.400	882.657
37.000	442.600	-413.300	907.658
38.000	442.400	-432.300	932.664
39.000	442.200	-448.900	957.657
40.000	442.000	-479.100	982.657
41.000	441.800	-468.400	1007.667
42.000	441.600	-485.900	1032.659
43.000	441.400	-502.600	1057.669
44.000	441.200	-517.000	1082.666
45.000	441.000	-519.500	1107.664
46.000	440.800	-473.400	1132.671
47.000	440.600	-475.900	1157.670
48.000	440.400	-476.400	1182.669
49.000	440.200	-461.400	1207.664
50.000	440.000	-478.100	1232.670
51.000	439.800	-487.700	1257.672
52.000	439.600	-499.400	1282.669
53.000	439.400	-508.400	1307.669
54.000	439.200	-497.100	1332.675
55.000	439.000	-499.900	1357.674
56.000	438.800	-504.500	1382.681
57.000	438.600	-483.000	1407.596
58.000	438.400	-464.700	1432.678
59.000	438.200	-479.600	1457.677
60.000	438.000	-480.500	1482.676
61.000	437.800	-495.000	1507.705
62.000	437.600	-533.900	1532.594
63.000	437.400	-532.000	1557.598
64.000	437.200	-549.300	1582.706
65.000	437.000	-540.000	1607.605
66.000	436.800	-511.800	1632.602
67.000	436.600	-459.700	1657.597
68.000	436.400	-448.900	1682.602
69.000	436.200	-477.200	1707.597
70.000	436.000	-475.100	1732.601
71.000	435.800	-486.500	1757.604
72.000	435.600	-548.600	1782.602
73.000	435.400	-556.400	1807.604
74.000	435.200	-612.300	1832.598
75.000	435.000	-630.100	1857.602
76.000	434.800	-625.900	1882.604
77.000	434.600	-610.300	1907.604
78.000	434.400	-666.700	1932.598
79.000	434.200	-647.900	1957.713
80.000	434.000	-641.300	1982.717
81.000	433.800	-681.900	2007.598
82.000	433.600	-667.000	2032.601
83.000	433.400	-667.800	2057.602
84.000	433.200	-676.700	2082.602
85.000	433.000	-665.300	2107.599
86.000	432.800	-644.200	2132.601
87.000	432.600	-631.600	2157.602
88.000	432.400	-585.000	2182.604
89.000	432.200	-555.400	2207.604
90.000	432.000	-506.600	2232.605
91.000	431.800	-470.700	2257.611
92.000	431.600	-435.000	2282.609
93.000	431.400	-418.800	2307.605
94.000	431.200	-376.200	2332.610
95.000	431.000	-336.500	2357.611
96.000	430.800	-316.800	2382.610
97.000	430.600	-286.700	2407.612
98.000	430.400	-284.900	2432.617
99.000	430.200	-295.100	2457.611
100.000	430.000	-349.500	2482.619
101.000	429.800	0.000	2507.620
