0.000	450.000	-100.167	0.000
1.000	449.800	-96.033	3.199
2.000	449.600	-94.100	28.203
3.000	449.400	-74.100	53.259
4.000	449.200	-79.600	78.272
5.000	449.000	-68.367	103.280
6.000	448.800	-62.367	128.295
7.000	448.600	-55.233	153.296
8.000	448.400	-48.667	178.293
9.000	448.200	-55.600	203.290
10.000	448.000	-59.933	228.283
11.000	447.800	-59.267	253.290
12.000	447.600	-60.867	278.298
13.000	447.400	-74.433	303.299
14.000	447.200	-82.033	328.299
15.000	447.000	-86.333	353.291
16.000	446.800	-79.800	378.299
17.000	446.600	-84.200	403.269
18.000	446.400	-78.333	428.285
19.000	446.200	-79.467	453.210
20.000	446.000	-76.000	478.202
21.000	445.800	-86.667	503.207
22.000	445.600	-86.667	528.202
23.000	445.400	-92.433	553.299
24.000	445.200	-96.100	578.293
25.000	445.000	-83.300	603.298
26.000	444.800	-80.267	628.207
27.000	444.600	-78.967	653.288
28.000	444.400	-75.233	678.215
29.000	444.200	-66.800	703.211
30.000	444.000	-74.833	728.206
31.000	443.800	-75.567	753.300
32.000	443.600	-82.867	778.211
33.000	443.400	-90.933	803.221
34.000	443.200	-83.067	828.218
35.000	443.000	-82.100	853.207
36.000	442.800	-73.767	878.210
37.000	442.600	-71.633	903.223
38.000	442.400	-76.200	928.218
39.000	442.200	-76.333	953.216
40.000	442.000	-80.767	978.224
41.000	441.800	-71.400	1003.217
42.000	441.600	-77.100	1028.228
43.000	441.400	-86.667	1053.214
44.000	441.200	-87.267	1078.225
45.000	441.000	-91.000	1103.233
46.000	440.800	-89.433	1128.206
47.000	440.600	-82.400	1153.235
48.000	440.400	-80.067	1178.235
49.000	440.200	-82.333	1203.219
50.000	440.000	-75.500	1228.313
51.000	439.800	-80.433	1253.233
52.000	439.600	-80.733	1278.219
53.000	439.400	-84.133	1303.222
54.000	439.200	-81.433	1328.242
55.000	439.000	-68.367	1353.243
56.000	438.800	-57.167	1378.239
57.000	438.600	-54.833	1403.241
58.000	438.400	-46.333	1428.218
59.000	438.200	-42.800	1453.239
60.000	438.000	-48.100	1478.226
61.000	437.800	-48.700	1503.242
62.000	437.600	-63.700	1528.235
63.000	437.400	-62.367	1553.231
64.000	437.200	-59.167	1578.231
65.000	437.000	-51.233	1603.231
66.000	436.800	-50.767	1628.234
67.000	436.600	-45.833	1653.242
68.000	436.400	-43.167	1678.244
69.000	436.200	-36.300	1703.249
70.000	436.000	-41.167	1728.250
71.000	435.800	-37.733	1753.243
72.000	435.600	-38.767	1778.238
73.000	435.400	-43.800	1803.247
74.000	435.200	-51.000	1828.237
75.000	435.000	-46.833	1853.251
76.000	434.800	-44.433	1878.239
77.000	434.600	-45.133	1903.263
78.000	434.400	-37.067	1928.238
79.000	434.200	-40.467	1953.252
80.000	434.000	-49.133	1978.265
81.000	433.800	-55.367	2003.238
82.000	433.600	-58.167	2028.251
83.000	433.400	-56.700	2053.246
84.000	433.200	-63.433	2078.259
85.000	433.000	-60.933	2103.270
86.000	432.800	-45.933	2128.261
87.000	432.600	-50.867	2153.256
88.000	432.400	-49.233	2178.244
89.000	432.200	-40.367	2203.248
90.000	432.000	-35.933	2228.266
91.000	431.800	-26.233	2253.266
92.000	431.600	-24.500	2278.265
93.000	431.400	-24.133	2303.278
94.000	431.200	-19.567	2328.256
95.000	431.000	-26.733	2353.263
96.000	430.800	-21.433	2378.275
97.000	430.600	-18.567	2403.270
98.000	430.400	-24.233	2428.243
99.000	430.200	-26.367	2453.282
100.000	430.000	-39.667	2478.285
101.000	429.800	0.000	2503.282
