0.000	460.000	-68.937	0.000
1.000	459.980	-68.562	9.888
2.000	459.960	-59.750	21.785
3.000	459.940	-55.437	33.781
4.000	459.920	-40.375	45.778
5.000	459.900	-56.875	57.777
6.000	459.880	-53.000	69.777
7.000	459.860	-60.312	81.779
8.000	459.840	-52.437	93.888
9.000	459.820	-53.312	105.887
10.000	459.800	-67.125	117.897
11.000	459.780	-67.125	129.896
12.000	459.760	-59.937	141.786
13.000	459.740	-47.125	153.785
14.000	459.720	-47.125	165.777
15.000	459.700	-57.312	177.898
16.000	459.680	-68.062	189.779
17.000	459.660	-67.562	201.897
18.000	459.640	-61.437	213.777
19.000	459.620	-63.250	225.781
20.000	459.600	-65.187	237.779
21.000	459.580	-65.562	249.784
22.000	459.560	-65.687	261.781
23.000	459.540	-73.562	273.784
24.000	459.520	-56.187	285.782
25.000	459.500	-46.125	297.777
26.000	459.480	-54.312	309.777
27.000	459.460	-61.187	321.896
28.000	459.440	-57.375	333.890
29.000	459.420	-45.312	345.781
30.000	459.400	-61.687	357.777
31.000	459.380	-60.562	369.778
32.000	459.360	-60.125	381.780
33.000	459.340	-80.750	393.784
34.000	459.320	-67.875	405.780
35.000	459.300	-68.687	417.784
36.000	459.280	-55.812	429.778
37.000	459.260	-57.437	441.790
38.000	459.240	-67.562	453.782
39.000	459.220	-53.062	465.782
40.000	459.200	-73.062	477.785
41.000	459.180	-59.562	489.793
42.000	459.160	-58.312	501.783
43.000	459.140	-60.812	513.793
44.000	459.120	-57.375	525.783
45.000	459.100	-62.875	537.786
46.000	459.080	-46.125	549.789
47.000	459.060	-49.062	561.789
48.000	459.040	-56.937	573.784
49.000	459.020	-65.000	585.788
50.000	459.000	-61.312	597.791
51.000	458.980	-51.562	609.790
52.000	458.960	-49.000	621.791
53.000	458.940	-55.625	633.789
54.000	458.920	-65.312	645.786
55.000	458.900	-69.687	657.787
56.000	458.880	-58.375	669.795
57.000	458.860	-55.562	681.797
58.000	458.840	-60.500	693.789
59.000	458.820	-63.562	705.800
60.000	458.800	-62.437	717.794
61.000	458.780	-73.687	729.797
62.000	458.760	-56.500	741.791
63.000	458.740	-61.375	753.796
64.000	458.720	-70.750	765.800
65.000	458.700	-73.250	777.794
66.000	458.680	-69.812	789.803
67.000	458.660	-72.000	801.797
68.000	458.640	-64.812	813.802
69.000	458.620	-65.250	825.797
70.000	458.600	-73.250	837.804
71.000	458.580	-97.937	849.797
72.000	458.560	-88.500	861.797
73.000	458.540	-104.125	873.805
74.000	458.520	-102.312	885.800
75.000	458.500	-112.937	897.798
76.000	458.480	-122.500	909.805
77.000	458.460	-120.625	921.807
78.000	458.440	-105.500	933.801
79.000	458.420	-98.312	945.802
80.000	458.400	-89.437	957.800
81.000	458.380	-94.437	969.800
82.000	458.360	-85.062	981.808
83.000	458.340	-86.937	993.809
84.000	458.320	-81.375	1005.805
85.000	458.300	-68.562	1017.801
86.000	458.280	-68.750	1029.805
87.000	458.260	-76.437	1041.807
88.000	458.240	-64.187	1053.805
89.000	458.220	-56.312	1065.810
90.000	458.200	-62.875	1077.810
91.000	458.180	-64.250	1089.805
92.000	458.160	-55.562	1101.810
93.000	458.140	-56.937	1113.807
94.000	458.120	-52.687	1125.809
95.000	458.100	-57.687	1137.811
96.000	458.080	-40.812	1149.809
97.000	458.060	-63.687	1161.806
98.000	458.040	-65.875	1173.812
99.000	458.020	-47.687	1185.816
100.000	458.000	-42.875	1197.811
101.000	457.980	-45.375	1209.812
102.000	457.960	-52.000	1221.814
103.000	457.940	-34.500	1233.813
104.000	457.920	-47.812	1245.812
105.000	457.900	-41.312	1257.812
106.000	457.880	-54.187	1269.818
107.000	457.860	-59.312	1281.816
108.000	457.840	-52.625	1293.815
109.000	457.820	-40.125	1305.813
110.000	457.800	-38.125	1317.814
111.000	457.780	-41.187	1329.815
112.000	457.760	-50.562	1341.816
113.000	457.740	-47.750	1353.814
114.000	457.720	-45.000	1365.814
115.000	457.700	-44.000	1377.817
116.000	457.680	-39.312	1389.816
117.000	457.660	-45.187	1401.818
118.000	457.640	-42.687	1413.826
119.000	457.620	-40.437	1425.817
120.000	457.600	-50.125	1437.823
121.000	457.580	-40.437	1449.819
122.000	457.560	-42.625	1461.821
123.000	457.540	-33.187	1473.818
124.000	457.520	-29.437	1485.820
125.000	457.500	-35.937	1497.818
126.000	457.480	-45.000	1509.823
127.000	457.460	-39.937	1521.821
128.000	457.440	-43.562	1533.825
129.000	457.420	-43.062	1545.831
130.000	457.400	-34.250	1557.827
131.000	457.380	-42.875	1569.827
132.000	457.360	-48.687	1581.829
133.000	457.340	-37.500	1593.826
134.000	457.320	-37.937	1605.826
135.000	457.300	-39.375	1617.836
136.000	457.280	-47.812	1629.824
137.000	457.260	-42.000	1641.826
138.000	457.240	-43.375	1653.828
139.000	457.220	-47.625	1665.828
140.000	457.200	-39.125	1677.829
141.000	457.180	-45.375	1689.835
142.000	457.160	-41.437	1701.829
143.000	457.140	-41.437	1713.834
144.000	457.120	-39.562	1725.830
145.000	457.100	-47.125	1737.833
146.000	457.080	-44.812	1749.838
147.000	457.060	-43.062	1761.830
148.000	457.040	-46.812	1773.828
149.000	457.020	-35.562	1785.829
150.000	457.000	-35.437	1797.831
151.000	456.980	0.000	1809.830
