0.000	650.000	-296.900	0.000
1.000	649.800	-282.200	18.460
2.000	649.600	-282.700	43.457
3.000	649.400	-277.900	68.462
4.000	649.200	-286.900	93.460
5.000	649.000	-272.900	118.457
6.000	648.800	-265.200	143.469
7.000	648.600	-274.500	168.463
8.000	648.400	-274.900	193.467
9.000	648.200	-288.900	218.470
10.000	648.000	-292.000	243.470
11.000	647.800	-293.200	268.467
12.000	647.600	-314.600	293.467
13.000	647.400	-303.900	318.464
14.000	647.200	-375.700	343.473
15.000	647.000	-458.900	368.473
16.000	646.800	-420.200	393.473
17.000	646.600	-386.500	418.475
18.000	646.400	-371.600	443.469
19.000	646.200	-357.800	468.472
20.000	646.000	-372.200	493.472
21.000	645.800	-380.500	518.473
22.000	645.600	-464.100	543.474
23.000	645.400	-520.100	568.476
24.000	645.200	-449.900	593.479
25.000	645.000	-463.500	618.479
26.000	644.800	-441.700	643.478
27.000	644.600	-400.400	668.506
28.000	644.400	-402.800	693.404
29.000	644.200	-379.400	718.480
30.000	644.000	-392.100	743.405
31.000	643.800	-430.900	768.392
32.000	643.600	-442.900	793.407
33.000	643.400	-400.000	818.401
34.000	643.200	-453.900	843.406
35.000	643.000	-451.800	868.399
36.000	642.800	-404.300	893.508
37.000	642.600	-379.700	918.520
38.000	642.400	-374.000	943.398
39.000	642.200	-398.700	968.402
40.000	642.000	-491.900	993.398
41.000	641.800	-480.700	1018.397
42.000	641.600	-527.700	1043.400
43.000	641.400	-525.700	1068.519
44.000	641.200	-469.400	1093.402
45.000	641.000	-465.600	1118.400
46.000	640.800	-467.600	1143.518
47.000	640.600	-472.700	1168.405
48.000	640.400	-500.900	1193.405
49.000	640.200	-542.700	1218.401
50.000	640.000	-621.400	1243.407
51.000	639.800	-639.500	1268.409
52.000	639.600	-583.000	1293.403
53.000	639.400	-566.200	1318.402
54.000	639.200	-561.100	1343.405
55.000	639.000	-586.800	1368.406
56.000	638.800	-621.500	1393.403
57.000	638.600	-557.700	1418.407
58.000	638.400	-531.400	1443.412
59.000	638.200	-671.000	1468.406
60.000	638.000	-738.200	1493.409
61.000	637.800	-728.300	1518.409
62.000	637.600	-670.200	1543.412
63.000	637.400	-712.900	1568.414
64.000	637.200	-669.300	1593.420
65.000	637.000	-621.400	1618.414
66.000	636.800	-614.800	1643.415
67.000	636.600	-615.700	1668.415
68.000	636.400	-746.800	1693.423
69.000	636.200	-714.600	1718.419
70.000	636.000	-729.500	1743.419
71.000	635.800	-690.000	1768.420
72.000	635.600	-660.100	1793.428
73.000	635.400	-678.700	1818.429
74.000	635.200	-696.600	1843.429
75.000	635.000	-880.000	1868.423
76.000	634.800	0.000	1893.433
