0.000	525.000	-89.333	0.000
1.000	524.800	-90.000	22.509
2.000	524.600	-101.600	47.503
3.000	524.400	-110.200	72.505
4.000	524.200	-98.733	97.507
5.000	524.000	-111.667	122.507
6.000	523.800	-117.867	147.506
7.000	523.600	-114.200	172.508
8.000	523.400	-109.800	197.507
9.000	523.200	-116.867	222.509
10.000	523.000	-119.667	247.508
11.000	522.800	-121.000	272.516
12.000	522.600	-126.067	297.509
13.000	522.400	-135.000	322.512
14.000	522.200	-138.600	347.524
15.000	522.000	-140.333	372.524
16.000	521.800	-140.467	397.516
17.000	521.600	-144.867	422.516
18.000	521.400	-163.400	447.518
19.000	521.200	-163.867	472.517
20.000	521.000	-153.733	497.521
21.000	520.800	-150.400	522.518
22.000	520.600	-163.733	547.525
23.000	520.400	-183.333	572.519
24.000	520.200	-182.200	597.528
25.000	520.000	-184.267	622.522
26.000	519.800	-178.400	647.523
27.000	519.600	-170.667	672.527
28.000	519.400	-163.733	697.527
29.000	519.200	-189.600	722.535
30.000	519.000	-171.000	747.526
31.000	518.800	-178.600	772.535
32.000	518.600	-177.800	797.531
33.000	518.400	-167.667	822.532
34.000	518.200	-164.667	847.539
35.000	518.000	-174.133	872.540
36.000	517.800	-168.867	897.543
37.000	517.600	-175.000	922.535
38.000	517.400	-173.933	947.542
39.000	517.200	-152.133	972.539
40.000	517.000	-179.400	997.536
41.000	516.800	-173.800	1022.539
42.000	516.600	-178.400	1047.547
43.000	516.400	-172.200	1072.539
44.000	516.200	-167.867	1097.545
45.000	516.000	-173.533	1122.541
46.000	515.800	-177.400	1147.545
47.000	515.600	-195.333	1172.544
48.000	515.400	-207.400	1197.554
49.000	515.200	-204.800	1222.544
50.000	515.000	-211.733	1247.548
51.000	514.800	-209.867	1272.546
52.000	514.600	-202.933	1297.548
53.000	514.400	-206.200	1322.556
54.000	514.200	-224.600	1347.549
55.000	514.000	-194.867	1372.549
56.000	513.800	-198.667	1397.558
57.000	513.600	-215.533	1422.557
58.000	513.400	-233.200	1447.553
59.000	513.200	-223.133	1472.553
60.000	513.000	-225.867	1497.557
61.000	512.800	-228.400	1522.563
62.000	512.600	-239.933	1547.560
63.000	512.400	-231.133	1572.563
64.000	512.200	-234.800	1597.561
65.000	512.000	-238.133	1622.569
66.000	511.800	-246.067	1647.565
67.000	511.600	-227.867	1672.565
68.000	511.400	-239.733	1697.571
69.000	511.200	-241.533	1722.567
70.000	511.000	-229.600	1747.573
71.000	510.800	-227.467	1772.625
72.000	510.600	-229.067	1797.552
73.000	510.400	-220.733	1822.649
74.000	510.200	-217.200	1847.559
75.000	510.000	-208.933	1872.645
76.000	509.800	0.000	1897.553
