0.000	480.000	-224.800	0.000
1.000	479.800	-282.933	7.600
2.000	479.600	-341.600	32.612
3.000	479.400	-306.733	57.606
4.000	479.200	-301.667	82.607
5.000	479.000	-313.267	107.703
6.000	478.800	-329.867	132.693
7.000	478.600	-297.400	157.610
8.000	478.400	-328.467	182.604
9.000	478.200	-331.067	207.677
10.000	478.000	-335.933	232.606
11.000	477.800	-305.067	257.601
12.000	477.600	-315.867	282.696
13.000	477.400	-313.267	307.604
14.000	477.200	-311.867	332.622
15.000	477.000	-312.133	357.606
16.000	476.800	-321.867	382.627
17.000	476.600	-309.867	407.612
18.000	476.400	-312.600	432.611
19.000	476.200	-326.733	457.625
20.000	476.000	-331.133	482.615
21.000	475.800	-323.667	507.627
22.000	475.600	-306.067	532.616
23.000	475.400	-262.467	557.630
24.000	475.200	-272.933	582.628
25.000	475.000	-279.267	607.629
26.000	474.800	-277.733	632.609
27.000	474.600	-279.533	657.633
28.000	474.400	-284.733	682.630
29.000	474.200	-292.600	707.633
30.000	474.000	-270.733	732.622
31.000	473.800	-260.267	757.627
32.000	473.600	-267.000	782.637
33.000	473.400	-280.333	807.630
34.000	473.200	-270.267	832.629
35.000	473.000	-275.400	857.622
36.000	472.800	-267.467	882.640
37.000	472.600	-267.067	907.645
38.000	472.400	-263.133	932.620
39.000	472.200	-256.133	957.625
40.000	472.000	-241.000	982.633
41.000	471.800	-233.133	1007.651
42.000	471.600	-217.667	1032.639
43.000	471.400	-221.400	1057.639
44.000	471.200	-205.267	1082.631
45.000	471.000	-231.333	1107.648
46.000	470.800	-225.933	1132.629
47.000	470.600	-230.133	1157.645
48.000	470.400	-209.867	1182.657
49.000	470.200	-198.933	1207.652
50.000	470.000	-198.333	1232.651
51.000	469.800	0.000	1257.636
