0.000	490.000	-26.667	0.000
1.000	489.800	-24.600	10.856
2.000	489.600	-28.467	35.864
3.000	489.400	-27.933	60.862
4.000	489.200	-28.000	85.860
5.000	489.000	-24.467	110.863
6.000	488.800	-24.733	135.860
7.000	488.600	-20.600	160.863
8.000	488.400	-29.000	185.862
9.000	488.200	-32.400	210.866
10.000	488.000	-26.667	235.864
11.000	487.800	-22.867	260.863
12.000	487.600	-22.533	285.864
13.000	487.400	-31.000	310.865
14.000	487.200	-32.533	335.876
15.000	487.000	-23.400	360.880
16.000	486.800	-22.467	385.877
17.000	486.600	-15.733	410.869
18.000	486.400	-17.533	435.880
19.000	486.200	-21.067	460.875
20.000	486.000	-19.533	485.872
21.000	485.800	-27.067	510.884
22.000	485.600	-23.533	535.876
23.000	485.400	-28.600	560.878
24.000	485.200	-31.000	585.882
25.000	485.000	-24.733	610.879
26.000	484.800	-25.333	635.890
27.000	484.600	-26.533	660.882
28.000	484.400	-21.667	685.883
29.000	484.200	-22.467	710.884
30.000	484.000	-24.733	735.884
31.000	483.800	-22.533	760.884
32.000	483.600	-29.533	785.891
33.000	483.400	-27.200	810.887
34.000	483.200	-25.267	835.895
35.000	483.000	-19.400	860.892
36.000	482.800	-28.467	885.894
37.000	482.600	-27.267	910.891
38.000	482.400	-29.733	935.890
39.000	482.200	-33.933	960.891
40.000	482.000	-33.400	985.890
41.000	481.800	-25.533	1010.902
42.000	481.600	-26.333	1035.896
43.000	481.400	-34.600	1060.904
44.000	481.200	-30.200	1085.899
45.000	481.000	-29.667	1110.900
46.000	480.800	-31.067	1135.897
47.000	480.600	-34.133	1160.897
48.000	480.400	-32.267	1185.907
49.000	480.200	-43.000	1210.899
50.000	480.000	-42.867	1235.906
51.000	479.800	-33.667	1260.900
52.000	479.600	-45.533	1285.909
53.000	479.400	-40.800	1310.906
54.000	479.200	-46.600	1335.906
55.000	479.000	-43.600	1360.907
56.000	478.800	-45.533	1385.908
57.000	478.600	-42.467	1410.910
58.000	478.400	-42.600	1435.909
59.000	478.200	-42.000	1460.909
60.000	478.000	-46.133	1485.910
61.000	477.800	-44.533	1510.910
62.000	477.600	-36.000	1535.913
63.000	477.400	-39.133	1560.915
64.000	477.200	-43.333	1585.913
65.000	477.000	-40.400	1610.915
66.000	476.800	-35.267	1635.917
67.000	476.600	-39.667	1660.917
68.000	476.400	-44.267	1685.924
69.000	476.200	-50.667	1710.920
70.000	476.000	-46.200	1735.927
71.000	475.800	-46.067	1760.929
72.000	475.600	-41.200	1785.930
73.000	475.400	-51.067	1810.923
74.000	475.200	-51.067	1835.929
75.000	475.000	-43.467	1860.925
76.000	474.800	-48.867	1885.932
77.000	474.600	-43.933	1910.925
78.000	474.400	-37.267	1935.936
79.000	474.200	-36.733	1960.934
80.000	474.000	-40.133	1985.933
81.000	473.800	-49.333	2010.940
82.000	473.600	-57.333	2035.936
83.000	473.400	-53.733	2060.931
84.000	473.200	-45.467	2085.933
85.000	473.000	-53.467	2110.939
86.000	472.800	-59.000	2135.969
87.000	472.600	-57.800	2160.968
88.000	472.400	-59.333	2185.937
89.000	472.200	-59.867	2210.967
90.000	472.000	-56.667	2235.860
91.000	471.800	-52.333	2260.938
92.000	471.600	-50.067	2285.940
93.000	471.400	-54.000	2310.939
94.000	471.200	-49.533	2335.941
95.000	471.000	-50.333	2360.856
96.000	470.800	-50.733	2385.857
97.000	470.600	-51.533	2410.859
98.000	470.400	-49.533	2435.862
99.000	470.200	-47.533	2460.865
100.000	470.000	-45.400	2485.862
101.000	469.800	0.000	2510.862
