0.000	490.000	-44.333	0.000
1.000	489.800	-45.400	10.856
2.000	489.600	-59.333	35.864
3.000	489.400	-66.733	60.862
4.000	489.200	-65.667	85.860
5.000	489.000	-69.867	110.863
6.000	488.800	-70.733	135.860
7.000	488.600	-76.467	160.863
8.000	488.400	-74.467	185.862
9.000	488.200	-72.133	210.866
10.000	488.000	-67.133	235.864
11.000	487.800	-63.867	260.863
12.000	487.600	-65.800	285.864
13.000	487.400	-76.600	310.865
14.000	487.200	-93.867	335.876
15.000	487.000	-97.733	360.880
16.000	486.800	-103.867	385.877
17.000	486.600	-112.867	410.869
18.000	486.400	-107.600	435.880
19.000	486.200	-95.133	460.875
20.000	486.000	-102.133	485.872
21.000	485.800	-92.467	510.884
22.000	485.600	-102.200	535.876
23.000	485.400	-112.533	560.878
24.000	485.200	-114.333	585.882
25.000	485.000	-112.800	610.879
26.000	484.800	-122.000	635.890
27.000	484.600	-130.733	660.882
28.000	484.400	-144.600	685.883
29.000	484.200	-145.533	710.884
30.000	484.000	-150.667	735.884
31.000	483.800	-168.600	760.884
32.000	483.600	-171.867	785.891
33.000	483.400	-166.933	810.887
34.000	483.200	-177.600	835.895
35.000	483.000	-188.267	860.892
36.000	482.800	-194.600	885.894
37.000	482.600	-201.733	910.891
38.000	482.400	-216.267	935.890
39.000	482.200	-236.400	960.891
40.000	482.000	-263.533	985.890
41.000	481.800	-255.067	1010.902
42.000	481.600	-286.933	1035.896
43.000	481.400	-314.200	1060.904
44.000	481.200	-363.867	1085.899
45.000	481.000	-347.933	1110.900
46.000	480.800	-340.800	1135.897
47.000	480.600	-367.667	1160.897
48.000	480.400	-369.867	1185.907
49.000	480.200	-388.933	1210.899
50.000	480.000	-354.800	1235.906
51.000	479.800	-386.400	1260.900
52.000	479.600	-433.533	1285.909
53.000	479.400	-405.000	1310.906
54.000	479.200	-392.533	1335.906
55.000	479.000	-399.333	1360.907
56.000	478.800	-404.867	1385.908
57.000	478.600	-407.933	1410.910
58.000	478.400	-422.067	1435.909
59.000	478.200	-419.067	1460.909
60.000	478.000	-382.800	1485.910
61.000	477.800	-369.200	1510.910
62.000	477.600	-340.667	1535.913
63.000	477.400	-354.200	1560.915
64.000	477.200	-344.733	1585.913
65.000	477.000	-333.600	1610.915
66.000	476.800	-361.333	1635.917
67.000	476.600	-346.800	1660.917
68.000	476.400	-372.733	1685.924
69.000	476.200	-380.867	1710.920
70.000	476.000	-365.933	1735.927
71.000	475.800	-367.467	1760.929
72.000	475.600	-390.200	1785.930
73.000	475.400	-389.267	1810.923
74.000	475.200	-341.467	1835.929
75.000	475.000	-293.467	1860.925
76.000	474.800	-318.333	1885.932
77.000	474.600	-330.600	1910.925
78.000	474.400	-297.267	1935.936
79.000	474.200	-291.600	1960.934
80.000	474.000	-300.067	1985.933
81.000	473.800	-370.200	2010.940
82.000	473.600	-412.200	2035.936
83.000	473.400	-410.067	2060.931
84.000	473.200	-357.733	2085.933
85.000	473.000	-385.133	2110.939
86.000	472.800	-396.267	2135.969
87.000	472.600	-408.800	2160.968
88.000	472.400	-422.133	2185.937
89.000	472.200	-414.533	2210.967
90.000	472.000	-388.133	2235.860
91.000	471.800	-388.600	2260.938
92.000	471.600	-386.133	2285.940
93.000	471.400	-394.733	2310.939
94.000	471.200	-339.533	2335.941
95.000	471.000	-338.667	2360.856
96.000	470.800	-337.133	2385.857
97.000	470.600	-326.467	2410.859
98.000	470.400	-316.133	2435.862
99.000	470.200	-305.667	2460.865
100.000	470.000	-260.067	2485.862
101.000	469.800	0.000	2510.862
