0.000	525.000	-53.267	0.000
1.000	524.800	-43.400	0.274
2.000	524.600	-42.400	12.240
3.000	524.400	-49.133	24.241
4.000	524.200	-47.533	36.241
5.000	524.000	-47.867	48.241
6.000	523.800	-57.667	60.248
7.000	523.600	-56.067	72.243
8.000	523.400	-47.000	84.251
9.000	523.200	-59.267	96.252
10.000	523.000	-55.800	108.252
11.000	522.800	-61.933	120.253
12.000	522.600	-65.800	132.245
13.000	522.400	-82.733	144.254
14.000	522.200	-74.800	156.243
15.000	522.000	-73.067	168.248
16.000	521.800	-66.467	180.164
17.000	521.600	-65.333	192.250
18.000	521.400	-58.600	204.248
19.000	521.200	-53.733	216.246
20.000	521.000	-47.933	228.251
21.000	520.800	-61.667	240.247
22.000	520.600	-54.200	252.249
23.000	520.400	-72.000	264.251
24.000	520.200	-69.600	276.249
25.000	520.000	-71.000	288.253
26.000	519.800	-71.000	300.281
27.000	519.600	-88.867	312.250
28.000	519.400	-78.000	324.254
29.000	519.200	-70.333	336.249
30.000	519.000	-58.133	348.251
31.000	518.800	-57.867	360.281
32.000	518.600	-53.200	372.252
33.000	518.400	-56.133	384.173
34.000	518.200	-55.267	396.171
35.000	518.000	-47.267	408.171
36.000	517.800	-52.200	420.173
37.000	517.600	-43.600	432.283
38.000	517.400	-46.467	444.254
39.000	517.200	-48.800	456.169
40.000	517.000	-47.933	468.281
41.000	516.800	-46.800	480.168
42.000	516.600	-44.600	492.174
43.000	516.400	-47.200	504.169
44.000	516.200	-39.200	516.170
45.000	516.000	-43.067	528.172
46.000	515.800	-42.267	540.282
47.000	515.600	-51.733	552.171
48.000	515.400	-57.333	564.179
49.000	515.200	-53.400	576.171
50.000	515.000	-61.533	588.178
51.000	514.800	-55.867	600.279
52.000	514.600	-50.800	612.175
53.000	514.400	-54.867	624.178
54.000	514.200	-63.067	636.177
55.000	514.000	-66.800	648.282
56.000	513.800	-55.933	660.177
57.000	513.600	-52.400	672.171
58.000	513.400	-55.933	684.173
59.000	513.200	-69.933	696.179
60.000	513.000	-58.867	708.172
61.000	512.800	-61.467	720.173
62.000	512.600	-54.667	732.173
63.000	512.400	-53.933	744.292
64.000	512.200	-58.933	756.172
65.000	512.000	-47.400	768.180
66.000	511.800	-52.867	780.173
67.000	511.600	-57.733	792.181
68.000	511.400	-55.733	804.182
69.000	511.200	-64.600	816.181
70.000	511.000	-63.400	828.287
71.000	510.800	-57.267	840.289
72.000	510.600	-54.133	852.294
73.000	510.400	-54.933	864.172
74.000	510.200	-57.333	876.170
75.000	510.000	-57.800	888.173
76.000	509.800	0.000	900.170
