0.000	650.000	-36.200	0.000
1.000	649.800	-35.900	18.460
2.000	649.600	-34.300	43.457
3.000	649.400	-45.200	68.462
4.000	649.200	-51.900	93.460
5.000	649.000	-42.000	118.457
6.000	648.800	-44.400	143.469
7.000	648.600	-48.200	168.463
8.000	648.400	-43.500	193.467
9.000	648.200	-46.000	218.470
10.000	648.000	-54.000	243.470
11.000	647.800	-42.700	268.467
12.000	647.600	-51.100	293.467
13.000	647.400	-46.900	318.464
14.000	647.200	-50.400	343.473
15.000	647.000	-75.600	368.473
16.000	646.800	-67.800	393.473
17.000	646.600	-56.500	418.475
18.000	646.400	-57.000	443.469
19.000	646.200	-49.700	468.472
20.000	646.000	-50.100	493.472
21.000	645.800	-70.500	518.473
22.000	645.600	-87.000	543.474
23.000	645.400	-78.900	568.476
24.000	645.200	-78.400	593.479
25.000	645.000	-78.000	618.479
26.000	644.800	-66.900	643.478
27.000	644.600	-59.200	668.506
28.000	644.400	-59.000	693.404
29.000	644.200	-48.600	718.480
30.000	644.000	-56.200	743.405
31.000	643.800	-66.400	768.392
32.000	643.600	-61.400	793.407
33.000	643.400	-62.100	818.401
34.000	643.200	-69.900	843.406
35.000	643.000	-67.100	868.399
36.000	642.800	-65.300	893.508
37.000	642.600	-62.800	918.520
38.000	642.400	-66.800	943.398
39.000	642.200	-65.900	968.402
40.000	642.000	-67.600	993.398
41.000	641.800	-73.600	1018.397
42.000	641.600	-77.500	1043.400
43.000	641.400	-74.600	1068.519
44.000	641.200	-74.100	1093.402
45.000	641.000	-76.100	1118.400
46.000	640.800	-75.500	1143.518
47.000	640.600	-78.500	1168.405
48.000	640.400	-81.000	1193.405
49.000	640.200	-91.500	1218.401
50.000	640.000	-93.400	1243.407
51.000	639.800	-91.700	1268.409
52.000	639.600	-86.900	1293.403
53.000	639.400	-80.400	1318.402
54.000	639.200	-82.700	1343.405
55.000	639.000	-90.700	1368.406
56.000	638.800	-92.100	1393.403
57.000	638.600	-93.800	1418.407
58.000	638.400	-85.700	1443.412
59.000	638.200	-104.900	1468.406
60.000	638.000	-105.800	1493.409
61.000	637.800	-115.300	1518.409
62.000	637.600	-94.400	1543.412
63.000	637.400	-115.300	1568.414
64.000	637.200	-107.300	1593.420
65.000	637.000	-89.400	1618.414
66.000	636.800	-107.300	1643.415
67.000	636.600	-97.400	1668.415
68.000	636.400	-121.100	1693.423
69.000	636.200	-104.600	1718.419
70.000	636.000	-106.900	1743.419
71.000	635.800	-101.500	1768.420
72.000	635.600	-105.300	1793.428
73.000	635.400	-107.600	1818.429
74.000	635.200	-113.600	1843.429
75.000	635.000	-127.500	1868.423
76.000	634.800	0.000	1893.433
