0.000	525.000	-231.867	0.000
1.000	524.800	-230.933	0.274
2.000	524.600	-233.867	12.240
3.000	524.400	-231.733	24.241
4.000	524.200	-243.800	36.241
5.000	524.000	-256.133	48.241
6.000	523.800	-229.800	60.248
7.000	523.600	-216.667	72.243
8.000	523.400	-186.333	84.251
9.000	523.200	-182.733	96.252
10.000	523.000	-173.200	108.252
11.000	522.800	-190.467	120.253
12.000	522.600	-198.133	132.245
13.000	522.400	-231.000	144.254
14.000	522.200	-239.267	156.243
15.000	522.000	-247.933	168.248
16.000	521.800	-253.733	180.164
17.000	521.600	-241.000	192.250
18.000	521.400	-267.067	204.248
19.000	521.200	-302.400	216.246
20.000	521.000	-271.867	228.251
21.000	520.800	-253.200	240.247
22.000	520.600	-264.400	252.249
23.000	520.400	-271.267	264.251
24.000	520.200	-253.867	276.249
25.000	520.000	-272.667	288.253
26.000	519.800	-286.533	300.281
27.000	519.600	-253.667	312.250
28.000	519.400	-241.533	324.254
29.000	519.200	-265.133	336.249
30.000	519.000	-274.600	348.251
31.000	518.800	-271.800	360.281
32.000	518.600	-283.267	372.252
33.000	518.400	-271.867	384.173
34.000	518.200	-316.333	396.171
35.000	518.000	-296.533	408.171
36.000	517.800	-286.533	420.173
37.000	517.600	-293.933	432.283
38.000	517.400	-326.533	444.254
39.000	517.200	-309.733	456.169
40.000	517.000	-298.600	468.281
41.000	516.800	-303.733	480.168
42.000	516.600	-358.200	492.174
43.000	516.400	-328.667	504.169
44.000	516.200	-299.867	516.170
45.000	516.000	-340.133	528.172
46.000	515.800	-321.267	540.282
47.000	515.600	-361.267	552.171
48.000	515.400	-348.600	564.179
49.000	515.200	-349.400	576.171
50.000	515.000	-364.400	588.178
51.000	514.800	-327.867	600.279
52.000	514.600	-312.600	612.175
53.000	514.400	-335.800	624.178
54.000	514.200	-337.400	636.177
55.000	514.000	-328.133	648.282
56.000	513.800	-324.600	660.177
57.000	513.600	-336.933	672.171
58.000	513.400	-348.667	684.173
59.000	513.200	-318.467	696.179
60.000	513.000	-316.400	708.172
61.000	512.800	-296.600	720.173
62.000	512.600	-322.467	732.173
63.000	512.400	-351.133	744.292
64.000	512.200	-388.267	756.172
65.000	512.000	-366.733	768.180
66.000	511.800	-356.400	780.173
67.000	511.600	-336.467	792.181
68.000	511.400	-384.733	804.182
69.000	511.200	-410.133	816.181
70.000	511.000	-429.133	828.287
71.000	510.800	-513.867	840.289
72.000	510.600	-519.200	852.294
73.000	510.400	-457.933	864.172
74.000	510.200	-436.867	876.170
75.000	510.000	-408.933	888.173
76.000	509.800	0.000	900.170
