0.000	450.000	-341.400	0.000
1.000	449.800	-335.700	7.622
2.000	449.600	-363.500	32.623
3.000	449.400	-348.600	57.623
4.000	449.200	-324.300	82.625
5.000	449.000	-312.000	107.628
6.000	448.800	-308.400	132.628
7.000	448.600	-299.300	157.637
8.000	448.400	-304.500	182.627
9.000	448.200	-307.900	207.635
10.000	448.000	-296.000	232.633
11.000	447.800	-298.200	257.640
12.000	447.600	-313.800	282.632
13.000	447.400	-343.400	307.636
14.000	447.200	-335.500	332.643
15.000	447.000	-352.400	357.643
16.000	446.800	-374.700	382.634
17.000	446.600	-379.300	407.639
18.000	446.400	-356.400	432.645
19.000	446.200	-355.900	457.639
20.000	446.000	-349.200	482.646
21.000	445.800	-385.400	507.639
22.000	445.600	-411.000	532.647
23.000	445.400	-422.200	557.643
24.000	445.200	-387.900	582.643
25.000	445.000	-384.400	607.644
26.000	444.800	-365.200	632.646
27.000	444.600	-374.100	657.646
28.000	444.400	-346.400	682.647
29.000	444.200	-355.700	707.646
30.000	444.000	-368.500	732.647
31.000	443.800	-366.500	757.652
32.000	443.600	-382.500	782.649
33.000	443.400	-408.100	807.652
34.000	443.200	-395.200	832.663
35.000	443.000	-414.300	857.654
36.000	442.800	-404.400	882.657
37.000	442.600	-384.400	907.658
38.000	442.400	-385.300	932.664
39.000	442.200	-398.300	957.657
40.000	442.000	-402.400	982.657
41.000	441.800	-433.700	1007.667
42.000	441.600	-430.000	1032.659
43.000	441.400	-426.800	1057.669
44.000	441.200	-445.100	1082.666
45.000	441.000	-429.000	1107.664
46.000	440.800	-424.000	1132.671
47.000	440.600	-436.300	1157.670
48.000	440.400	-416.400	1182.669
49.000	440.200	-425.500	1207.664
50.000	440.000	-415.800	1232.670
51.000	439.800	-402.300	1257.672
52.000	439.600	-404.400	1282.669
53.000	439.400	-410.200	1307.669
54.000	439.200	-417.700	1332.675
55.000	439.000	-403.100	1357.674
56.000	438.800	-407.200	1382.681
57.000	438.600	-364.500	1407.596
58.000	438.400	-364.400	1432.678
59.000	438.200	-342.300	1457.677
60.000	438.000	-342.800	1482.676
61.000	437.800	-376.800	1507.705
62.000	437.600	-391.900	1532.594
63.000	437.400	-392.500	1557.598
64.000	437.200	-381.000	1582.706
65.000	437.000	-383.300	1607.605
66.000	436.800	-341.300	1632.602
67.000	436.600	-313.600	1657.597
68.000	436.400	-299.300	1682.602
69.000	436.200	-321.900	1707.597
70.000	436.000	-338.200	1732.601
71.000	435.800	-334.000	1757.604
72.000	435.600	-353.000	1782.602
73.000	435.400	-355.200	1807.604
74.000	435.200	-364.500	1832.598
75.000	435.000	-379.800	1857.602
76.000	434.800	-372.700	1882.604
77.000	434.600	-385.200	1907.604
78.000	434.400	-398.500	1932.598
79.000	434.200	-378.200	1957.713
80.000	434.000	-379.100	1982.717
81.000	433.800	-378.200	2007.598
82.000	433.600	-374.600	2032.601
83.000	433.400	-361.300	2057.602
84.000	433.200	-365.000	2082.602
85.000	433.000	-361.500	2107.599
86.000	432.800	-347.200	2132.601
87.000	432.600	-351.000	2157.602
88.000	432.400	-322.600	2182.604
89.000	432.200	-318.500	2207.604
90.000	432.000	-305.300	2232.605
91.000	431.800	-270.000	2257.611
92.000	431.600	-263.800	2282.609
93.000	431.400	-282.800	2307.605
94.000	431.200	-267.000	2332.610
95.000	431.000	-246.800	2357.611
96.000	430.800	-245.300	2382.610
97.000	430.600	-230.500	2407.612
98.000	430.400	-220.200	2432.617
99.000	430.200	-242.200	2457.611
100.000	430.000	-272.700	2482.619
101.000	429.800	0.000	2507.620
