0.000	625.000	-715.800	0.000
1.000	624.800	-729.400	23.984
2.000	624.600	-687.700	48.967
3.000	624.400	-732.100	73.967
4.000	624.200	-714.200	98.965
5.000	624.000	-755.400	123.972
6.000	623.800	-784.600	148.992
7.000	623.600	-775.400	173.996
8.000	623.400	-734.400	198.990
9.000	623.200	-732.900	223.984
10.000	623.000	-730.900	248.984
11.000	622.800	-745.300	273.988
12.000	622.600	-766.800	298.986
13.000	622.400	-839.600	323.992
14.000	622.200	-884.100	348.992
15.000	622.000	-935.000	374.005
16.000	621.800	-923.000	398.943
17.000	621.600	-878.200	423.944
18.000	621.400	-892.800	448.960
19.000	621.200	-859.300	473.966
20.000	621.000	-881.000	498.955
21.000	620.800	-903.000	523.958
22.000	620.600	-984.100	548.965
23.000	620.400	-968.300	573.956
24.000	620.200	-964.900	598.962
25.000	620.000	-993.500	623.958
26.000	619.800	-968.400	648.943
27.000	619.600	-971.800	673.965
28.000	619.400	-1036.300	698.964
29.000	619.200	-973.800	723.972
30.000	619.000	-984.900	748.955
31.000	618.800	-1005.100	773.955
32.000	618.600	-1019.500	798.977
33.000	618.400	-1030.500	823.965
34.000	618.200	-1101.400	848.979
35.000	618.000	-1103.700	873.961
36.000	617.800	-1107.000	898.974
37.000	617.600	-1063.600	923.980
38.000	617.400	-1104.400	948.973
39.000	617.200	-1063.700	973.981
40.000	617.000	-1023.100	998.973
41.000	616.800	-1014.200	1023.984
42.000	616.600	-1052.200	1048.954
43.000	616.400	-1091.900	1073.976
44.000	616.200	-1093.800	1098.977
45.000	616.000	-1046.300	1123.975
46.000	615.800	-691.800	1148.983
47.000	615.600	-834.200	1173.960
48.000	615.400	-942.300	1198.968
49.000	615.200	-1033.800	1223.970
50.000	615.000	-1010.800	1248.973
51.000	614.800	-1051.900	1273.974
52.000	614.600	-1039.300	1298.989
53.000	614.400	-1049.000	1324.025
54.000	614.200	-1063.900	1348.975
55.000	614.000	-1072.700	1373.982
56.000	613.800	-1097.400	1398.975
57.000	613.600	-1071.700	1423.982
58.000	613.400	-1021.600	1448.977
59.000	613.200	-991.500	1473.996
60.000	613.000	-1041.300	1498.989
61.000	612.800	-1016.800	1523.983
62.000	612.600	-1030.200	1548.985
63.000	612.400	-986.100	1573.971
64.000	612.200	-925.300	1598.964
65.000	612.000	-976.900	1623.984
66.000	611.800	0.000	1648.983
