0.000	665.000	-4.700	0.000
1.000	664.800	3.700	24.874
2.000	664.600	-6.400	49.870
3.000	664.400	-0.100	74.871
4.000	664.200	4.200	99.872
5.000	664.000	4.700	124.877
6.000	663.800	-3.100	149.874
7.000	663.600	1.100	174.876
8.000	663.400	-0.800	199.875
9.000	663.200	4.700	224.880
10.000	663.000	0.500	249.886
11.000	662.800	5.000	274.889
12.000	662.600	-5.400	299.877
13.000	662.400	-9.900	324.885
14.000	662.200	-2.500	349.892
15.000	662.000	-2.400	374.881
16.000	661.800	0.900	399.890
17.000	661.600	-6.100	424.882
18.000	661.400	-0.600	449.886
19.000	661.200	-4.900	474.887
20.000	661.000	-2.900	499.893
21.000	660.800	-4.600	524.890
22.000	660.600	-7.400	549.897
23.000	660.400	-4.500	574.889
24.000	660.200	-0.400	599.892
25.000	660.000	1.500	624.899
26.000	659.800	-2.300	649.890
27.000	659.600	-1.700	674.893
28.000	659.400	7.500	699.903
29.000	659.200	2.500	724.895
30.000	659.000	-3.300	749.894
31.000	658.800	-1.800	774.905
32.000	658.600	0.600	799.904
33.000	658.400	0.300	824.901
34.000	658.200	0.500	849.899
35.000	658.000	-2.700	874.899
36.000	657.800	-0.400	899.904
37.000	657.600	-0.200	924.902
38.000	657.400	-1.700	949.903
39.000	657.200	-2.600	974.907
40.000	657.000	-3.400	999.905
41.000	656.800	-3.600	1024.904
42.000	656.600	-4.400	1049.904
43.000	656.400	0.900	1074.912
44.000	656.200	4.100	1099.908
45.000	656.000	-2.600	1124.907
46.000	655.800	-7.000	1149.942
47.000	655.600	-4.500	1174.941
48.000	655.400	-4.200	1199.912
49.000	655.200	-7.000	1224.915
50.000	655.000	-7.700	1249.940
51.000	654.800	0.000	1274.836
