0.000	460.000	-97.625	0.000
1.000	459.980	-88.062	9.888
2.000	459.960	-76.437	21.785
3.000	459.940	-80.312	33.781
4.000	459.920	-80.562	45.778
5.000	459.900	-76.187	57.777
6.000	459.880	-83.375	69.777
7.000	459.860	-80.875	81.779
8.000	459.840	-74.312	93.888
9.000	459.820	-74.875	105.887
10.000	459.800	-76.250	117.897
11.000	459.780	-67.750	129.896
12.000	459.760	-71.000	141.786
13.000	459.740	-61.312	153.785
14.000	459.720	-79.062	165.777
15.000	459.700	-72.562	177.898
16.000	459.680	-81.625	189.779
17.000	459.660	-68.687	201.897
18.000	459.640	-56.562	213.777
19.000	459.620	-59.062	225.781
20.000	459.600	-75.125	237.779
21.000	459.580	-75.125	249.784
22.000	459.560	-80.875	261.781
23.000	459.540	-83.937	273.784
24.000	459.520	-68.500	285.782
25.000	459.500	-70.625	297.777
26.000	459.480	-78.187	309.777
27.000	459.460	-84.187	321.896
28.000	459.440	-82.187	333.890
29.000	459.420	-80.000	345.781
30.000	459.400	-88.375	357.777
31.000	459.380	-88.750	369.778
32.000	459.360	-100.312	381.780
33.000	459.340	-89.062	393.784
34.000	459.320	-89.437	405.780
35.000	459.300	-77.187	417.784
36.000	459.280	-70.437	429.778
37.000	459.260	-79.562	441.790
38.000	459.240	-74.312	453.782
39.000	459.220	-72.625	465.782
40.000	459.200	-86.250	477.785
41.000	459.180	-83.062	489.793
42.000	459.160	-77.687	501.783
43.000	459.140	-95.000	513.793
44.000	459.120	-82.625	525.783
45.000	459.100	-90.312	537.786
46.000	459.080	-82.812	549.789
47.000	459.060	-82.375	561.789
48.000	459.040	-87.375	573.784
49.000	459.020	-81.125	585.788
50.000	459.000	-80.875	597.791
51.000	458.980	-62.687	609.790
52.000	458.960	-64.625	621.791
53.000	458.940	-69.625	633.789
54.000	458.920	-83.187	645.786
55.000	458.900	-88.000	657.787
56.000	458.880	-86.312	669.795
57.000	458.860	-78.875	681.797
58.000	458.840	-81.250	693.789
59.000	458.820	-68.187	705.800
60.000	458.800	-68.062	717.794
61.000	458.780	-79.750	729.797
62.000	458.760	-80.375	741.791
63.000	458.740	-84.750	753.796
64.000	458.720	-80.125	765.800
65.000	458.700	-84.187	777.794
66.000	458.680	-90.562	789.803
67.000	458.660	-97.000	801.797
68.000	458.640	-78.187	813.802
69.000	458.620	-73.250	825.797
70.000	458.600	-80.000	837.804
71.000	458.580	-90.625	849.797
72.000	458.560	-78.437	861.797
73.000	458.540	-83.062	873.805
74.000	458.520	-85.250	885.800
75.000	458.500	-81.937	897.798
76.000	458.480	-87.625	909.805
77.000	458.460	-88.250	921.807
78.000	458.440	-82.437	933.801
79.000	458.420	-87.125	945.802
80.000	458.400	-95.187	957.800
81.000	458.380	-94.000	969.800
82.000	458.360	-86.937	981.808
83.000	458.340	-68.437	993.809
84.000	458.320	-84.687	1005.805
85.000	458.300	-89.812	1017.801
86.000	458.280	-86.625	1029.805
87.000	458.260	-105.187	1041.807
88.000	458.240	-88.437	1053.805
89.000	458.220	-80.125	1065.810
90.000	458.200	-73.437	1077.810
91.000	458.180	-83.437	1089.805
92.000	458.160	-72.250	1101.810
93.000	458.140	-78.125	1113.807
94.000	458.120	-86.500	1125.809
95.000	458.100	-93.375	1137.811
96.000	458.080	-92.062	1149.809
97.000	458.060	-107.437	1161.806
98.000	458.040	-102.062	1173.812
99.000	458.020	-92.437	1185.816
100.000	458.000	-78.312	1197.811
101.000	457.980	-91.875	1209.812
102.000	457.960	-106.125	1221.814
103.000	457.940	-82.562	1233.813
104.000	457.920	-89.000	1245.812
105.000	457.900	-74.875	1257.812
106.000	457.880	-74.062	1269.818
107.000	457.860	-75.375	1281.816
108.000	457.840	-85.125	1293.815
109.000	457.820	-83.937	1305.813
110.000	457.800	-73.375	1317.814
111.000	457.780	-80.250	1329.815
112.000	457.760	-79.750	1341.816
113.000	457.740	-79.625	1353.814
114.000	457.720	-69.687	1365.814
115.000	457.700	-75.875	1377.817
116.000	457.680	-68.437	1389.816
117.000	457.660	-73.687	1401.818
118.000	457.640	-77.562	1413.826
119.000	457.620	-81.250	1425.817
120.000	457.600	-83.937	1437.823
121.000	457.580	-82.812	1449.819
122.000	457.560	-77.312	1461.821
123.000	457.540	-80.500	1473.818
124.000	457.520	-76.312	1485.820
125.000	457.500	-70.937	1497.818
126.000	457.480	-86.000	1509.823
127.000	457.460	-79.312	1521.821
128.000	457.440	-88.250	1533.825
129.000	457.420	-78.125	1545.831
130.000	457.400	-79.437	1557.827
131.000	457.380	-87.000	1569.827
132.000	457.360	-86.062	1581.829
133.000	457.340	-80.437	1593.826
134.000	457.320	-79.812	1605.826
135.000	457.300	-80.375	1617.836
136.000	457.280	-74.125	1629.824
137.000	457.260	-77.812	1641.826
138.000	457.240	-80.000	1653.828
139.000	457.220	-75.937	1665.828
140.000	457.200	-77.000	1677.829
141.000	457.180	-83.375	1689.835
142.000	457.160	-73.437	1701.829
143.000	457.140	-76.125	1713.834
144.000	457.120	-67.062	1725.830
145.000	457.100	-71.000	1737.833
146.000	457.080	-82.687	1749.838
147.000	457.060	-81.375	1761.830
148.000	457.040	-79.750	1773.828
149.000	457.020	-75.437	1785.829
150.000	457.000	-77.375	1797.831
151.000	456.980	0.000	1809.830
