0.000	450.000	-231.233	0.000
1.000	449.800	-293.500	3.199
2.000	449.600	-381.567	28.203
3.000	449.400	-325.033	53.259
4.000	449.200	-308.467	78.272
5.000	449.000	-298.700	103.280
6.000	448.800	-292.500	128.295
7.000	448.600	-263.100	153.296
8.000	448.400	-252.533	178.293
9.000	448.200	-290.600	203.290
10.000	448.000	-276.200	228.283
11.000	447.800	-298.067	253.290
12.000	447.600	-314.200	278.298
13.000	447.400	-405.500	303.299
14.000	447.200	-463.500	328.299
15.000	447.000	-498.533	353.291
16.000	446.800	-500.467	378.299
17.000	446.600	-553.933	403.269
18.000	446.400	-550.267	428.285
19.000	446.200	-539.533	453.210
20.000	446.000	-587.600	478.202
21.000	445.800	-614.733	503.207
22.000	445.600	-722.333	528.202
23.000	445.400	-667.700	553.299
24.000	445.200	-675.967	578.293
25.000	445.000	-627.167	603.298
26.000	444.800	-647.000	628.207
27.000	444.600	-617.767	653.288
28.000	444.400	-592.700	678.215
29.000	444.200	-656.400	703.211
30.000	444.000	-686.367	728.206
31.000	443.800	-764.633	753.300
32.000	443.600	-918.733	778.211
33.000	443.400	-966.000	803.221
34.000	443.200	-990.333	828.218
35.000	443.000	-952.233	853.207
36.000	442.800	-953.633	878.210
37.000	442.600	-1057.100	903.223
38.000	442.400	-1027.400	928.218
39.000	442.200	-1132.733	953.216
40.000	442.000	-1158.300	978.224
41.000	441.800	-1376.800	1003.217
42.000	441.600	-1637.033	1028.228
43.000	441.400	-1628.733	1053.214
44.000	441.200	-1845.467	1078.225
45.000	441.000	-1882.067	1103.233
46.000	440.800	-1812.833	1128.206
47.000	440.600	-1777.600	1153.235
48.000	440.400	-1860.733	1178.235
49.000	440.200	-1864.533	1203.219
50.000	440.000	-2017.233	1228.313
51.000	439.800	-2228.700	1253.233
52.000	439.600	-2258.600	1278.219
53.000	439.400	-2368.467	1303.222
54.000	439.200	-2568.233	1328.242
55.000	439.000	-2631.433	1353.243
56.000	438.800	-2607.233	1378.239
57.000	438.600	-2333.300	1403.241
58.000	438.400	-2167.067	1428.218
59.000	438.200	-1900.133	1453.239
60.000	438.000	-1982.833	1478.226
61.000	437.800	-2074.967	1503.242
62.000	437.600	-2093.900	1528.235
63.000	437.400	-2076.500	1553.231
64.000	437.200	-1903.233	1578.231
65.000	437.000	-1739.633	1603.231
66.000	436.800	-1522.633	1628.234
67.000	436.600	-1336.367	1653.242
68.000	436.400	-1207.833	1678.244
69.000	436.200	-1013.833	1703.249
70.000	436.000	-964.367	1728.250
71.000	435.800	-946.200	1753.243
72.000	435.600	-1032.567	1778.238
73.000	435.400	-1000.333	1803.247
74.000	435.200	-1055.933	1828.237
75.000	435.000	-1140.233	1853.251
76.000	434.800	-1164.833	1878.239
77.000	434.600	-1098.467	1903.263
78.000	434.400	-1073.600	1928.238
79.000	434.200	-1092.000	1953.252
80.000	434.000	-1049.267	1978.265
81.000	433.800	-1141.500	2003.238
82.000	433.600	-1159.433	2028.251
83.000	433.400	-1159.100	2053.246
84.000	433.200	-1129.367	2078.259
85.000	433.000	-1059.333	2103.270
86.000	432.800	-985.733	2128.261
87.000	432.600	-940.333	2153.256
88.000	432.400	-843.300	2178.244
89.000	432.200	-680.167	2203.248
90.000	432.000	-531.000	2228.266
91.000	431.800	-466.700	2253.266
92.000	431.600	-380.233	2278.265
93.000	431.400	-448.733	2303.278
94.000	431.200	-394.833	2328.256
95.000	431.000	-411.467	2353.263
96.000	430.800	-381.967	2378.275
97.000	430.600	-367.967	2403.270
98.000	430.400	-414.967	2428.243
99.000	430.200	-526.367	2453.282
100.000	430.000	-706.267	2478.285
101.000	429.800	0.000	2503.282
