0.000	470.000	-559.375	0.000
1.000	469.800	-533.375	15.811
2.000	469.600	-572.312	40.805
3.000	469.400	-588.750	65.821
4.000	469.200	-579.125	90.818
5.000	469.000	-592.000	115.802
6.000	468.800	-583.812	140.813
7.000	468.600	-596.312	165.816
8.000	468.400	-600.250	190.815
9.000	468.200	-619.375	215.728
10.000	468.000	-630.437	240.815
11.000	467.800	-622.687	265.816
12.000	467.600	-660.000	290.810
13.000	467.400	-650.562	315.806
14.000	467.200	-646.750	340.731
15.000	467.000	-671.375	365.808
16.000	466.800	-641.937	390.810
17.000	466.600	-628.250	415.734
18.000	466.400	-668.500	440.731
19.000	466.200	-686.062	465.731
20.000	466.000	-695.250	490.826
21.000	465.800	-692.625	515.818
22.000	465.600	-716.625	540.814
23.000	465.400	-713.625	565.828
24.000	465.200	-707.812	590.817
25.000	465.000	-710.437	615.823
26.000	464.800	-703.062	640.730
27.000	464.600	-712.125	665.735
28.000	464.400	-729.250	690.738
29.000	464.200	-728.250	715.728
30.000	464.000	-700.750	740.746
31.000	463.800	-680.000	765.745
32.000	463.600	-721.812	790.783
33.000	463.400	-725.250	815.746
34.000	463.200	-714.562	840.736
35.000	463.000	-736.062	865.748
36.000	462.800	-731.687	890.744
37.000	462.600	-719.562	915.751
38.000	462.400	-725.312	940.751
39.000	462.200	-742.250	965.739
40.000	462.000	-729.187	990.752
41.000	461.800	-755.937	1015.744
42.000	461.600	-759.312	1040.734
43.000	461.400	-821.812	1065.733
44.000	461.200	-789.625	1090.750
45.000	461.000	-767.187	1115.746
46.000	460.800	-763.750	1140.753
47.000	460.600	-810.312	1165.762
48.000	460.400	-843.625	1190.757
49.000	460.200	-808.937	1215.749
50.000	460.000	-774.000	1240.765
51.000	459.800	-767.312	1265.754
52.000	459.600	-798.437	1290.768
53.000	459.400	-814.375	1315.768
54.000	459.200	-827.437	1340.740
55.000	459.000	-812.062	1365.766
56.000	458.800	-811.375	1390.756
57.000	458.600	-783.000	1415.753
58.000	458.400	-762.375	1440.737
59.000	458.200	-759.250	1465.763
60.000	458.000	-731.187	1490.809
61.000	457.800	-730.187	1515.775
62.000	457.600	-752.187	1540.760
63.000	457.400	-730.437	1565.777
64.000	457.200	-734.000	1590.753
65.000	457.000	-764.437	1615.776
66.000	456.800	-804.625	1640.777
67.000	456.600	-817.937	1665.759
68.000	456.400	-819.812	1690.773
69.000	456.200	-821.562	1715.772
70.000	456.000	-812.312	1740.782
71.000	455.800	-806.437	1765.775
72.000	455.600	-853.812	1790.779
73.000	455.400	-832.250	1815.769
74.000	455.200	-840.375	1840.789
75.000	455.000	-867.750	1865.775
76.000	454.800	-858.687	1890.783
77.000	454.600	-876.437	1915.753
78.000	454.400	-883.437	1940.783
79.000	454.200	-949.750	1965.789
80.000	454.000	-923.375	1990.778
81.000	453.800	-910.875	2015.795
82.000	453.600	-905.312	2040.790
83.000	453.400	-909.625	2065.795
84.000	453.200	-895.812	2090.784
85.000	453.000	-902.000	2115.781
86.000	452.800	-889.875	2140.782
87.000	452.600	-868.562	2165.760
88.000	452.400	-862.312	2190.785
89.000	452.200	-878.500	2215.795
90.000	452.000	-909.125	2240.801
91.000	451.800	-888.437	2265.797
92.000	451.600	-841.000	2290.791
93.000	451.400	-876.000	2315.782
94.000	451.200	-851.437	2340.793
95.000	451.000	-863.062	2365.794
96.000	450.800	-846.000	2390.799
97.000	450.600	-834.625	2415.782
98.000	450.400	-828.250	2440.810
99.000	450.200	-818.625	2465.789
100.000	450.000	-833.875	2490.796
101.000	449.800	0.000	2515.813
