0.000	595.000	-540.700	0.000
1.000	594.800	-530.500	9.804
2.000	594.600	-563.750	21.807
3.000	594.400	-602.100	33.714
4.000	594.200	-517.400	45.723
5.000	594.000	-561.300	57.731
6.000	593.800	-617.550	69.744
7.000	593.600	-590.850	81.752
8.000	593.400	-558.600	93.752
9.000	593.200	-701.400	105.760
10.000	593.000	-751.700	117.761
11.000	592.800	-650.850	129.756
12.000	592.600	-637.600	141.748
13.000	592.400	-597.900	153.737
14.000	592.200	-675.400	165.733
15.000	592.000	-678.300	177.736
16.000	591.800	-687.400	189.745
17.000	591.600	-699.250	201.754
18.000	591.400	-703.950	213.765
19.000	591.200	-707.700	225.773
20.000	591.000	-742.700	237.763
21.000	590.800	-704.600	249.771
22.000	590.600	-827.550	261.759
23.000	590.400	-808.200	273.762
24.000	590.200	-858.600	285.761
25.000	590.000	-790.100	297.758
26.000	589.800	-930.250	309.757
27.000	589.600	-818.050	321.757
28.000	589.400	-796.600	333.757
29.000	589.200	-761.500	345.755
30.000	589.000	-784.950	357.749
31.000	588.800	-800.400	369.752
32.000	588.600	-872.950	381.758
33.000	588.400	-817.000	393.763
34.000	588.200	-730.800	405.760
35.000	588.000	-817.300	417.765
36.000	587.800	-919.750	429.777
37.000	587.600	-858.000	441.774
38.000	587.400	-876.400	453.782
39.000	587.200	-850.250	465.778
40.000	587.000	-779.400	477.782
41.000	586.800	-813.200	489.765
42.000	586.600	-800.650	501.780
43.000	586.400	-793.300	513.771
44.000	586.200	-905.200	525.782
45.000	586.000	-850.650	537.771
46.000	585.800	-829.400	549.777
47.000	585.600	-798.850	561.783
48.000	585.400	-912.550	573.771
49.000	585.200	-903.400	585.783
50.000	585.000	-886.750	597.774
51.000	584.800	-827.750	609.785
52.000	584.600	-844.300	621.778
53.000	584.400	-739.750	633.767
54.000	584.200	-841.600	645.785
55.000	584.000	-852.450	657.783
56.000	583.800	-884.800	669.776
57.000	583.600	-955.450	681.781
58.000	583.400	-865.300	693.788
59.000	583.200	-848.650	705.790
60.000	583.000	-954.650	717.793
61.000	582.800	-982.750	729.779
62.000	582.600	-873.850	741.776
63.000	582.400	-850.750	753.781
64.000	582.200	-753.800	765.779
65.000	582.000	-863.550	777.775
66.000	581.800	-918.700	789.769
67.000	581.600	-875.350	801.770
68.000	581.400	-885.500	813.768
69.000	581.200	-949.000	825.757
70.000	581.000	-907.400	837.758
71.000	580.800	-879.150	849.754
72.000	580.600	-966.750	861.751
73.000	580.400	-867.450	873.740
74.000	580.200	-792.400	885.742
75.000	580.000	-710.000	897.732
76.000	579.800	0.000	909.739
