0.000	590.000	-177.350	0.000
1.000	589.800	-175.950	18.198
2.000	589.600	-162.650	43.202
3.000	589.400	-168.100	68.203
4.000	589.200	-162.000	93.207
5.000	589.000	-191.750	118.208
6.000	588.800	-212.650	143.202
7.000	588.600	-179.900	168.213
8.000	588.400	-171.100	193.210
9.000	588.200	-185.700	218.205
10.000	588.000	-194.100	243.207
11.000	587.800	-203.950	268.210
12.000	587.600	-212.550	293.210
13.000	587.400	-168.500	318.214
14.000	587.200	-176.400	343.210
15.000	587.000	-176.600	368.215
16.000	586.800	-191.350	393.214
17.000	586.600	-144.150	418.219
18.000	586.400	-149.450	443.224
19.000	586.200	-172.500	468.222
20.000	586.000	-139.850	493.218
21.000	585.800	-144.800	518.220
22.000	585.600	-151.650	543.219
23.000	585.400	-175.100	568.254
24.000	585.200	-167.850	593.225
25.000	585.000	-169.400	618.226
26.000	584.800	-140.850	643.224
27.000	584.600	-157.400	668.147
28.000	584.400	-190.150	693.225
29.000	584.200	-176.000	718.143
30.000	584.000	-194.200	743.257
31.000	583.800	-184.500	768.148
32.000	583.600	-200.750	793.253
33.000	583.400	-171.050	818.150
34.000	583.200	-142.900	843.151
35.000	583.000	-182.400	868.146
36.000	582.800	-162.950	893.148
37.000	582.600	-175.700	918.150
38.000	582.400	-167.400	943.146
39.000	582.200	-167.150	968.264
40.000	582.000	-189.700	993.158
41.000	581.800	-189.050	1018.264
42.000	581.600	-182.250	1043.147
43.000	581.400	-170.950	1068.147
44.000	581.200	-199.150	1093.145
45.000	581.000	-187.000	1118.153
46.000	580.800	-166.150	1143.145
47.000	580.600	-185.250	1168.266
48.000	580.400	-178.700	1193.147
49.000	580.200	-145.150	1218.152
50.000	580.000	-125.850	1243.145
51.000	579.800	-140.400	1268.153
52.000	579.600	-118.100	1293.144
53.000	579.400	-141.600	1318.144
54.000	579.200	-120.600	1343.158
55.000	579.000	-126.450	1368.147
56.000	578.800	-143.650	1393.149
57.000	578.600	-142.250	1418.153
58.000	578.400	-130.350	1443.151
59.000	578.200	-144.700	1468.154
60.000	578.000	-128.700	1493.163
61.000	577.800	-137.700	1518.154
62.000	577.600	-129.250	1543.163
63.000	577.400	-130.850	1568.168
64.000	577.200	-127.150	1593.164
65.000	577.000	-146.750	1618.162
66.000	576.800	-154.100	1643.160
67.000	576.600	-118.850	1668.166
68.000	576.400	-136.850	1693.163
69.000	576.200	-133.100	1718.161
70.000	576.000	-129.000	1743.164
71.000	575.800	-136.000	1768.164
72.000	575.600	-149.650	1793.166
73.000	575.400	-130.550	1818.172
74.000	575.200	-112.000	1843.171
75.000	575.000	-110.100	1868.167
76.000	574.800	0.000	1893.171
