0.000	572.000	-1408.030	0.000
1.000	571.800	-1329.970	3.709
2.000	571.600	-1359.450	28.693
3.000	571.400	-1516.940	53.689
4.000	571.200	-1497.790	78.689
5.000	571.000	-1437.990	103.690
6.000	570.800	-1485.140	128.693
7.000	570.600	-1490.660	153.697
8.000	570.400	-1494.950	178.609
9.000	570.200	-1433.130	203.721
10.000	570.000	-1388.920	228.612
11.000	569.800	-1466.590	253.618
12.000	569.600	-1516.880	278.617
13.000	569.400	-1288.100	303.618
14.000	569.200	-1355.610	328.724
15.000	569.000	-1424.200	353.618
16.000	568.800	-1328.060	378.619
17.000	568.600	-1273.500	403.619
18.000	568.400	-1340.250	428.614
19.000	568.200	-1251.160	453.608
20.000	568.000	-1344.350	478.613
21.000	567.800	-1305.090	503.616
22.000	567.600	-1308.210	528.606
23.000	567.400	-1333.460	553.614
24.000	567.200	-1195.400	578.613
25.000	567.000	-1268.010	603.619
26.000	566.800	-1212.410	628.615
27.000	566.600	-1265.310	653.728
28.000	566.400	-1184.610	678.615
29.000	566.200	-1154.780	703.614
30.000	566.000	-1133.080	728.616
31.000	565.800	-1094.630	753.614
32.000	565.600	-1091.890	778.618
33.000	565.400	-1012.350	803.617
34.000	565.200	-1057.870	828.627
35.000	565.000	-1041.780	853.621
36.000	564.800	-897.000	878.631
37.000	564.600	-935.380	903.619
38.000	564.400	-827.660	928.622
39.000	564.200	-793.100	953.625
40.000	564.000	-727.340	978.624
41.000	563.800	-709.110	1003.622
42.000	563.600	-722.790	1028.627
43.000	563.400	-607.230	1053.628
44.000	563.200	-654.180	1078.625
45.000	563.000	-608.860	1103.627
46.000	562.800	-611.110	1128.631
47.000	562.600	-654.030	1153.639
48.000	562.400	-605.840	1178.633
49.000	562.200	-585.720	1203.636
50.000	562.000	-583.610	1228.633
51.000	561.800	-503.710	1253.635
52.000	561.600	-488.730	1278.645
53.000	561.400	-521.570	1303.640
54.000	561.200	-482.950	1328.635
55.000	561.000	-433.530	1353.637
56.000	560.800	-411.680	1378.647
57.000	560.600	-387.130	1403.640
58.000	560.400	-402.560	1428.645
59.000	560.200	-386.730	1453.648
60.000	560.000	-332.220	1478.644
61.000	559.800	0.000	1503.650
