0.000	600.000	-39.190	0.000
1.000	599.900	-25.333	21.492
2.000	599.800	-21.286	61.493
3.000	599.700	-21.381	101.496
4.000	599.600	-21.857	141.504
5.000	599.500	-50.952	181.497
6.000	599.400	-26.048	221.500
7.000	599.300	-40.667	261.499
8.000	599.200	-28.000	301.504
9.000	599.100	-20.762	341.503
10.000	599.000	-37.857	381.507
11.000	598.900	-34.333	421.507
12.000	598.800	-41.048	461.508
13.000	598.700	-37.333	501.516
14.000	598.600	-41.762	541.513
15.000	598.500	-39.857	581.516
16.000	598.400	-48.333	621.514
17.000	598.300	-41.190	661.433
18.000	598.200	-44.619	701.515
19.000	598.100	-30.048	741.436
20.000	598.000	-33.238	781.436
21.000	597.900	-29.905	821.433
22.000	597.800	-33.524	861.434
23.000	597.700	-26.429	901.444
24.000	597.600	-40.095	941.436
25.000	597.500	-34.857	981.440
26.000	597.400	-49.048	1021.441
27.000	597.300	-38.048	1061.445
28.000	597.200	-51.238	1101.439
29.000	597.100	-29.619	1141.433
30.000	597.000	-37.190	1181.435
31.000	596.900	-40.857	1221.438
32.000	596.800	-34.714	1261.442
33.000	596.700	-41.952	1301.441
34.000	596.600	-43.857	1341.448
35.000	596.500	-54.571	1381.440
36.000	596.400	-42.714	1421.453
37.000	596.300	-47.714	1461.446
38.000	596.200	-44.524	1501.447
39.000	596.100	-39.238	1541.449
40.000	596.000	-50.286	1581.461
41.000	595.900	-38.714	1621.453
42.000	595.800	-53.429	1661.454
43.000	595.700	-85.952	1701.454
44.000	595.600	-83.762	1741.458
45.000	595.500	-91.095	1781.458
46.000	595.400	-81.429	1821.469
47.000	595.300	-80.762	1861.467
48.000	595.200	-82.524	1901.460
49.000	595.100	-88.048	1941.473
50.000	595.000	-102.571	1981.464
51.000	594.900	-85.952	2021.471
52.000	594.800	-90.000	2061.470
53.000	594.700	-100.571	2101.474
54.000	594.600	-84.000	2141.474
55.000	594.500	-89.048	2181.481
56.000	594.400	-100.524	2221.480
57.000	594.300	-87.476	2261.484
58.000	594.200	-102.619	2301.478
59.000	594.100	-88.857	2341.479
60.000	594.000	-79.381	2381.482
61.000	593.900	-85.952	2421.489
62.000	593.800	-77.286	2461.488
63.000	593.700	-71.429	2501.484
64.000	593.600	-72.905	2541.485
65.000	593.500	-85.333	2581.486
66.000	593.400	-89.381	2621.492
67.000	593.300	-111.857	2661.490
68.000	593.200	-101.619	2701.490
69.000	593.100	-111.381	2741.492
70.000	593.000	-113.429	2781.496
71.000	592.900	-103.619	2821.493
72.000	592.800	-116.714	2861.497
73.000	592.700	-88.762	2901.507
74.000	592.600	-105.000	2941.503
75.000	592.500	-109.238	2981.508
76.000	592.400	-109.952	3021.506
77.000	592.300	-102.714	3061.505
78.000	592.200	-122.000	3101.507
79.000	592.100	-114.952	3141.510
80.000	592.000	-97.476	3181.509
81.000	591.900	0.000	3221.514
