0.000	585.000	-113.550	0.000
1.000	584.800	-82.380	12.794
2.000	584.600	-77.990	37.792
3.000	584.400	-83.520	62.762
4.000	584.200	-89.590	87.782
5.000	584.000	-97.580	112.756
6.000	583.800	-89.930	137.741
7.000	583.600	-74.400	162.723
8.000	583.400	-75.840	187.708
9.000	583.200	-89.720	212.765
10.000	583.000	-98.900	237.757
11.000	582.800	-90.180	262.752
12.000	582.600	-82.020	287.768
13.000	582.400	-83.260	312.781
14.000	582.200	-94.480	337.778
15.000	582.000	-90.260	362.791
16.000	581.800	-90.220	387.849
17.000	581.600	-92.810	412.785
18.000	581.400	-80.140	437.782
19.000	581.200	-76.890	462.793
20.000	581.000	-80.900	487.777
21.000	580.800	-66.180	512.780
22.000	580.600	-67.600	537.782
23.000	580.400	-77.840	562.766
24.000	580.200	-84.130	587.752
25.000	580.000	-75.190	612.729
26.000	579.800	-94.390	637.779
27.000	579.600	-83.690	662.767
28.000	579.400	-94.990	687.770
29.000	579.200	-83.990	712.703
30.000	579.000	-81.900	737.785
31.000	578.800	-81.440	762.794
32.000	578.600	-91.240	787.784
33.000	578.400	-96.550	812.757
34.000	578.200	-101.700	837.739
35.000	578.000	-100.410	862.787
36.000	577.800	-88.550	887.707
37.000	577.600	-80.870	912.783
38.000	577.400	-104.060	937.779
39.000	577.200	-98.050	962.779
40.000	577.000	-113.860	987.769
41.000	576.800	-91.910	1012.760
42.000	576.600	-81.900	1037.761
43.000	576.400	-103.890	1062.764
44.000	576.200	-96.850	1087.738
45.000	576.000	-97.930	1112.755
46.000	575.800	-105.080	1137.759
47.000	575.600	-101.900	1162.753
48.000	575.400	-98.560	1187.747
49.000	575.200	-101.150	1212.755
50.000	575.000	-93.580	1237.784
51.000	574.800	0.000	1262.706
