0.000	595.000	-101.267	0.000
1.000	594.800	-114.000	11.705
2.000	594.600	-129.400	23.712
3.000	594.400	-130.400	35.714
4.000	594.200	-91.000	47.695
5.000	594.000	-90.800	59.702
6.000	593.800	-138.333	71.712
7.000	593.600	-112.133	83.625
8.000	593.400	-121.867	95.704
9.000	593.200	-126.000	107.623
10.000	593.000	-127.867	119.703
11.000	592.800	-129.333	131.624
12.000	592.600	-99.533	143.703
13.000	592.400	-140.600	155.622
14.000	592.200	-160.333	167.621
15.000	592.000	-128.067	179.630
16.000	591.800	-129.667	191.619
17.000	591.600	-98.333	203.629
18.000	591.400	-138.667	215.713
19.000	591.200	-131.267	227.707
20.000	591.000	-153.267	239.697
21.000	590.800	-148.067	251.693
22.000	590.600	-167.200	263.702
23.000	590.400	-164.000	275.620
24.000	590.200	-108.267	287.631
25.000	590.000	-105.933	299.714
26.000	589.800	-137.533	311.623
27.000	589.600	-155.267	323.705
28.000	589.400	-148.667	335.713
29.000	589.200	-161.133	347.717
30.000	589.000	-149.000	359.623
31.000	588.800	-182.733	371.624
32.000	588.600	-203.733	383.706
33.000	588.400	-180.400	395.620
34.000	588.200	-169.600	407.622
35.000	588.000	-161.200	419.622
36.000	587.800	-165.600	431.716
37.000	587.600	-164.800	443.714
38.000	587.400	-156.933	455.708
39.000	587.200	-200.933	467.704
40.000	587.000	-191.800	479.708
41.000	586.800	-202.933	491.706
42.000	586.600	-159.733	503.708
43.000	586.400	-156.533	515.713
44.000	586.200	-186.333	527.628
45.000	586.000	-206.733	539.639
46.000	585.800	-232.667	551.716
47.000	585.600	-236.867	563.632
48.000	585.400	-184.467	575.646
49.000	585.200	-268.067	587.636
50.000	585.000	-211.133	599.646
51.000	584.800	-226.933	611.637
52.000	584.600	-243.067	623.640
53.000	584.400	-211.600	635.635
54.000	584.200	-199.933	647.633
55.000	584.000	-188.600	659.635
56.000	583.800	-172.400	671.637
57.000	583.600	-161.800	683.645
58.000	583.400	-172.400	695.638
59.000	583.200	-174.067	707.648
60.000	583.000	-154.533	719.635
61.000	582.800	-153.667	731.644
62.000	582.600	-191.067	743.651
63.000	582.400	-181.933	755.647
64.000	582.200	-225.333	767.639
65.000	582.000	-201.200	779.632
66.000	581.800	-190.200	791.626
67.000	581.600	-185.267	803.626
68.000	581.400	-135.067	815.624
69.000	581.200	-155.400	827.633
70.000	581.000	-190.467	839.645
71.000	580.800	-183.267	851.654
72.000	580.600	-161.867	863.648
73.000	580.400	-188.400	875.630
74.000	580.200	-206.333	887.637
75.000	580.000	-210.467	899.636
76.000	579.800	0.000	911.643
