0.000	532.250	-337.690	0.000
1.000	532.245	-298.220	6.994
2.000	532.240	-298.810	19.001
3.000	532.235	-319.870	30.995
4.000	532.230	-330.170	42.996
5.000	532.225	-303.050	55.001
6.000	532.220	-283.150	67.000
7.000	532.215	-315.540	79.000
8.000	532.210	-316.610	91.001
9.000	532.205	-283.040	103.000
10.000	532.200	-296.540	115.000
11.000	532.195	-317.740	127.001
12.000	532.190	-324.680	139.003
13.000	532.185	-308.310	151.003
14.000	532.180	-312.810	163.006
15.000	532.175	-326.740	175.004
16.000	532.170	-338.540	187.009
17.000	532.165	-326.760	199.002
18.000	532.160	-345.860	211.001
19.000	532.155	-329.090	223.006
20.000	532.150	-312.160	235.013
21.000	532.145	-337.660	247.008
22.000	532.140	-353.370	259.005
23.000	532.135	-336.090	271.006
24.000	532.130	-335.560	283.014
25.000	532.125	-316.780	295.008
26.000	532.120	-322.800	307.011
27.000	532.115	-334.410	319.005
28.000	532.110	-308.010	331.008
29.000	532.105	-344.460	343.006
30.000	532.100	-319.300	355.008
31.000	532.095	-315.710	367.009
32.000	532.090	-284.310	379.013
33.000	532.085	-323.380	391.009
34.000	532.080	-333.210	404.671
35.000	532.075	-352.080	415.011
36.000	532.070	-343.830	427.016
37.000	532.065	-352.140	439.009
38.000	532.060	-344.750	451.015
39.000	532.055	-294.970	463.015
40.000	532.050	-313.200	475.018
41.000	532.045	-340.190	487.015
42.000	532.040	-278.830	499.014
43.000	532.035	-324.960	511.011
44.000	532.030	-327.510	523.020
45.000	532.025	-324.040	535.016
46.000	532.020	-341.670	547.021
47.000	532.015	-353.900	559.019
48.000	532.010	-324.560	571.016
49.000	532.005	-341.520	583.022
50.000	532.000	-360.770	595.016
51.000	531.995	-330.150	607.020
52.000	531.990	-338.480	619.023
53.000	531.985	-338.920	631.019
54.000	531.980	-326.180	643.027
55.000	531.975	-337.700	655.023
56.000	531.970	-343.190	667.022
57.000	531.965	-326.400	679.022
58.000	531.960	-365.550	691.026
59.000	531.955	-346.950	703.021
60.000	531.950	-327.380	715.022
61.000	531.945	-319.350	727.033
62.000	531.940	-340.800	739.031
63.000	531.935	-367.940	751.026
64.000	531.930	-378.760	763.025
65.000	531.925	-344.180	775.026
66.000	531.920	-305.220	787.033
67.000	531.915	-258.710	799.025
68.000	531.910	-264.260	811.024
69.000	531.905	-308.690	823.026
70.000	531.900	-338.020	835.034
71.000	531.895	-310.630	847.028
72.000	531.890	-315.690	859.025
73.000	531.885	-284.780	871.026
74.000	531.880	-304.890	883.035
75.000	531.875	-306.770	895.037
76.000	531.870	-307.850	907.038
77.000	531.865	-340.160	919.029
78.000	531.860	-325.700	931.029
79.000	531.855	-313.130	943.030
80.000	531.850	-315.640	955.034
81.000	531.845	-320.910	967.032
82.000	531.840	-314.290	979.030
83.000	531.835	-301.860	991.031
84.000	531.830	-308.100	1003.036
85.000	531.825	-313.960	1015.031
86.000	531.820	-290.490	1027.033
87.000	531.815	-278.070	1039.033
88.000	531.810	-286.750	1051.039
89.000	531.805	-292.160	1063.037
90.000	531.800	-318.130	1075.034
91.000	531.795	-379.420	1087.035
92.000	531.790	-426.890	1099.038
93.000	531.785	-442.720	1111.048
94.000	531.780	-471.400	1123.036
95.000	531.775	-478.210	1135.036
96.000	531.770	-469.130	1147.045
97.000	531.765	-484.460	1159.039
98.000	531.760	-482.060	1171.039
99.000	531.755	-509.660	1183.040
100.000	531.750	-455.390	1195.044
101.000	531.745	-399.050	1207.047
102.000	531.740	-352.650	1219.046
103.000	531.735	-342.090	1231.041
104.000	531.730	-333.000	1243.042
105.000	531.725	-325.020	1255.043
106.000	531.720	-355.400	1267.052
107.000	531.715	-295.450	1279.045
108.000	531.710	-275.130	1291.042
109.000	531.705	-282.940	1303.044
110.000	531.700	-305.890	1315.044
111.000	531.695	-286.550	1327.048
112.000	531.690	-313.340	1339.046
113.000	531.685	-315.080	1351.045
114.000	531.680	-276.960	1363.050
115.000	531.675	-311.120	1375.048
116.000	531.670	-338.490	1387.046
117.000	531.665	-316.330	1399.049
118.000	531.660	-317.800	1411.051
119.000	531.655	-342.370	1423.048
120.000	531.650	-312.710	1435.054
121.000	531.645	-322.550	1447.052
122.000	531.640	-289.650	1459.048
123.000	531.635	-326.310	1471.049
124.000	531.630	-297.520	1483.053
125.000	531.625	-313.790	1495.052
126.000	531.620	-289.980	1507.051
127.000	531.615	-337.690	1519.051
128.000	531.610	-316.430	1531.051
129.000	531.605	-285.600	1543.054
130.000	531.600	-295.700	1555.062
131.000	531.595	-307.430	1567.057
132.000	531.590	-305.760	1579.055
133.000	531.585	-294.860	1591.056
134.000	531.580	-330.040	1605.013
135.000	531.575	-350.070	1615.053
136.000	531.570	-302.300	1627.055
137.000	531.565	-303.060	1639.055
138.000	531.560	-318.450	1651.057
139.000	531.555	-293.050	1663.057
140.000	531.550	-305.870	1675.058
141.000	531.545	-292.040	1687.058
142.000	531.540	-297.120	1699.058
143.000	531.535	-340.830	1711.063
144.000	531.530	-310.940	1723.068
145.000	531.525	-324.560	1735.058
146.000	531.520	-332.790	1747.064
147.000	531.515	-326.240	1759.063
148.000	531.510	-300.450	1771.065
149.000	531.505	-296.350	1783.060
150.000	531.500	-324.600	1795.066
151.000	531.495	-341.910	1806.984
152.000	531.490	-358.190	1819.065
153.000	531.485	-321.080	1831.069
154.000	531.480	-339.000	1843.065
155.000	531.475	-331.080	1855.063
156.000	531.470	-305.580	1867.066
157.000	531.465	-314.940	1879.065
158.000	531.460	-348.440	1891.065
159.000	531.455	-339.200	1902.989
160.000	531.450	-322.320	1915.066
161.000	531.445	-321.630	1927.094
162.000	531.440	-349.590	1939.094
163.000	531.435	-331.960	1950.989
164.000	531.430	-328.060	1963.094
165.000	531.425	-310.010	1975.095
166.000	531.420	-320.470	1986.985
167.000	531.415	-267.050	1999.067
168.000	531.410	-292.000	2010.989
169.000	531.405	-304.490	2023.070
170.000	531.400	-304.440	2034.991
171.000	531.395	-322.500	2047.096
172.000	531.390	-264.880	2058.989
173.000	531.385	-301.430	2070.984
174.000	531.380	-342.390	2082.983
175.000	531.375	-306.760	2095.094
176.000	531.370	-285.330	2106.993
177.000	531.365	-258.970	2119.106
178.000	531.360	-255.600	2131.105
179.000	531.355	-287.610	2142.990
180.000	531.350	-261.010	2154.993
181.000	531.345	-222.130	2166.989
182.000	531.340	-256.720	2179.094
183.000	531.335	-270.560	2191.095
184.000	531.330	-259.350	2203.106
185.000	531.325	-235.790	2215.106
186.000	531.320	-290.680	2226.984
187.000	531.315	-306.000	2238.993
188.000	531.310	-309.660	2250.988
189.000	531.305	-317.910	2262.987
190.000	531.300	-289.840	2274.988
191.000	531.295	-286.040	2286.984
192.000	531.290	-296.100	2298.991
193.000	531.285	-296.650	2310.978
194.000	531.280	-275.870	2322.989
195.000	531.275	-266.760	2335.102
196.000	531.270	-228.460	2346.981
197.000	531.265	-278.220	2359.097
198.000	531.260	-279.480	2370.991
199.000	531.255	-292.210	2382.986
200.000	531.250	-309.430	2395.101
201.000	531.245	0.000	2406.986
