0.000	600.000	-20.000	0.000
1.000	599.800	-38.200	17.187
2.000	599.600	-9.300	42.120
3.000	599.400	-14.700	67.182
4.000	599.200	-12.900	92.119
5.000	599.000	-28.100	117.189
6.000	598.800	-28.500	144.168
7.000	598.600	-35.100	167.109
8.000	598.400	-24.700	192.138
9.000	598.200	-38.500	217.100
10.000	598.000	-19.700	242.128
11.000	597.800	-24.700	267.190
12.000	597.600	-27.400	292.119
13.000	597.400	-57.700	317.185
14.000	597.200	-32.400	342.104
15.000	597.000	-6.400	367.131
16.000	596.800	-26.900	392.187
17.000	596.600	-36.200	417.122
18.000	596.400	-23.000	442.183
19.000	596.200	-42.800	467.116
20.000	596.000	-35.300	492.145
21.000	595.800	-55.700	517.101
22.000	595.600	-59.600	542.131
23.000	595.400	-78.200	567.186
24.000	595.200	-103.000	592.110
25.000	595.000	-66.900	617.140
26.000	594.800	-87.500	642.096
27.000	594.600	-87.300	667.125
28.000	594.400	-89.500	692.158
29.000	594.200	-75.000	717.124
30.000	594.000	-107.700	742.154
31.000	593.800	-82.900	767.122
32.000	593.600	-97.100	792.151
33.000	593.400	-90.400	817.113
34.000	593.200	-114.300	842.142
35.000	593.000	-118.600	867.100
36.000	592.800	-83.700	892.139
37.000	592.600	-75.600	917.103
38.000	592.400	-104.400	942.127
39.000	592.200	-123.700	967.155
40.000	592.000	-113.400	992.131
41.000	591.800	-109.000	1017.162
42.000	591.600	-131.600	1042.135
43.000	591.400	-157.000	1067.174
44.000	591.200	-124.800	1092.138
45.000	591.000	-106.800	1117.110
46.000	590.800	-95.600	1142.145
47.000	590.600	-71.500	1167.173
48.000	590.400	-78.100	1192.139
49.000	590.200	-88.700	1217.178
50.000	590.000	-76.800	1242.142
51.000	589.800	-87.100	1267.165
52.000	589.600	-99.000	1292.129
53.000	589.400	-80.300	1317.154
54.000	589.200	-122.600	1342.115
55.000	589.000	-107.000	1367.116
56.000	588.800	-109.400	1392.164
57.000	588.600	-118.200	1417.126
58.000	588.400	-85.600	1442.160
59.000	588.200	-123.900	1467.122
60.000	588.000	-84.900	1492.161
61.000	587.800	-103.400	1517.126
62.000	587.600	-102.200	1542.159
63.000	587.400	-105.700	1567.195
64.000	587.200	-104.700	1592.151
65.000	587.000	-77.700	1617.194
66.000	586.800	-96.500	1642.153
67.000	586.600	-120.100	1667.128
68.000	586.400	-79.600	1692.145
69.000	586.200	-115.300	1717.178
70.000	586.000	-69.000	1742.150
71.000	585.800	-133.400	1767.188
72.000	585.600	-114.100	1792.150
73.000	585.400	-136.300	1817.183
74.000	585.200	-100.400	1842.152
75.000	585.000	-183.500	1867.189
76.000	584.800	-137.300	1892.162
77.000	584.600	-118.100	1917.193
78.000	584.400	-163.600	1942.162
79.000	584.200	-160.300	1967.187
80.000	584.000	-121.800	1992.143
81.000	583.800	-99.900	2017.173
82.000	583.600	-151.300	2042.141
83.000	583.400	-112.900	2067.170
84.000	583.200	-172.400	2092.103
85.000	583.000	-165.700	2117.163
86.000	582.800	-187.100	2142.148
87.000	582.600	-149.000	2167.179
88.000	582.400	-158.200	2192.151
89.000	582.200	-156.300	2217.183
90.000	582.000	-178.500	2242.153
91.000	581.800	-169.800	2267.096
92.000	581.600	-150.600	2292.153
93.000	581.400	-147.400	2317.187
94.000	581.200	-122.000	2342.155
95.000	581.000	-125.700	2367.187
96.000	580.800	-162.400	2392.127
97.000	580.600	-136.400	2417.098
98.000	580.400	-171.400	2442.157
99.000	580.200	-172.000	2467.195
100.000	580.000	-124.400	2492.123
101.000	579.800	0.000	2517.181
