0.000	605.000	-42.200	0.000
1.000	604.800	-54.267	7.589
2.000	604.600	-53.267	19.587
3.000	604.400	-73.000	31.574
4.000	604.200	-77.733	43.636
5.000	604.000	-70.733	55.624
6.000	603.800	-84.400	67.627
7.000	603.600	-65.333	79.635
8.000	603.400	-42.533	91.638
9.000	603.200	-27.600	103.639
10.000	603.000	-40.867	115.626
11.000	602.800	-28.600	127.614
12.000	602.600	-38.867	139.601
13.000	602.400	-32.200	151.589
14.000	602.200	-46.067	163.588
15.000	602.000	-72.067	175.589
16.000	601.800	-72.400	187.592
17.000	601.600	-72.200	199.594
18.000	601.400	-57.200	211.601
19.000	601.200	-47.133	223.600
20.000	601.000	-34.400	235.606
21.000	600.800	-44.867	247.607
22.000	600.600	-42.467	259.593
23.000	600.400	-60.133	271.596
24.000	600.200	-64.733	283.598
25.000	600.000	-79.400	295.602
26.000	599.800	-56.467	307.603
27.000	599.600	-55.600	319.589
28.000	599.400	-51.733	331.578
29.000	599.200	-62.000	343.583
30.000	599.000	-58.267	355.648
31.000	598.800	-51.000	367.648
32.000	598.600	-66.933	379.647
33.000	598.400	-69.000	391.634
34.000	598.200	-76.000	403.621
35.000	598.000	-82.133	415.609
36.000	597.800	-68.000	427.598
37.000	597.600	-34.867	439.594
38.000	597.400	-36.333	451.591
39.000	597.200	-40.867	463.593
40.000	597.000	-40.933	475.640
41.000	596.800	-50.333	487.643
42.000	596.600	-52.733	499.632
43.000	596.400	-62.200	511.624
44.000	596.200	-78.400	523.615
45.000	596.000	-64.133	535.605
46.000	595.800	-68.000	547.595
47.000	595.600	-65.867	559.597
48.000	595.400	-76.133	571.595
49.000	595.200	-85.733	583.601
50.000	595.000	-74.933	595.608
51.000	594.800	0.000	607.609
