0.000	605.000	-810.200	0.000
1.000	604.800	-788.150	5.594
2.000	604.600	-764.300	17.585
3.000	604.400	-862.300	29.575
4.000	604.200	-837.700	41.573
5.000	604.000	-762.800	53.572
6.000	603.800	-809.650	65.576
7.000	603.600	-697.050	77.570
8.000	603.400	-825.950	89.581
9.000	603.200	-1001.750	101.596
10.000	603.000	-968.050	113.509
11.000	602.800	-909.250	125.530
12.000	602.600	-847.900	137.509
13.000	602.400	-902.000	149.521
14.000	602.200	-1037.200	161.532
15.000	602.000	-929.450	173.523
16.000	601.800	-1059.500	185.530
17.000	601.600	-1056.750	197.517
18.000	601.400	-1046.700	209.518
19.000	601.200	-998.200	221.524
20.000	601.000	-1014.800	233.594
21.000	600.800	-1007.000	245.507
22.000	600.600	-992.250	257.516
23.000	600.400	-1150.550	269.515
24.000	600.200	-1105.400	281.522
25.000	600.000	-1137.250	293.533
26.000	599.800	-1149.100	305.509
27.000	599.600	-1087.800	317.522
28.000	599.400	-1138.050	329.537
29.000	599.200	-1205.150	341.526
30.000	599.000	-1322.500	353.532
31.000	598.800	-1343.000	365.537
32.000	598.600	-1381.300	377.539
33.000	598.400	-1359.950	389.536
34.000	598.200	-1301.300	401.528
35.000	598.000	-1279.600	413.522
36.000	597.800	-1318.650	425.522
37.000	597.600	-1323.850	437.526
38.000	597.400	-1361.050	449.528
39.000	597.200	-1362.950	461.534
40.000	597.000	-1538.400	473.543
41.000	596.800	-1463.450	485.529
42.000	596.600	-1398.400	497.539
43.000	596.400	-1433.900	509.526
44.000	596.200	-1560.400	521.539
45.000	596.000	-1561.500	533.533
46.000	595.800	-1574.950	545.543
47.000	595.600	-1627.850	557.547
48.000	595.400	-1719.350	569.544
49.000	595.200	-1749.350	581.534
50.000	595.000	-1851.400	593.526
51.000	594.800	0.000	605.518
