0.000	585.000	-961.420	0.000
1.000	584.800	-1013.870	0.898
2.000	584.600	-1070.600	25.901
3.000	584.400	-1289.350	50.906
4.000	584.200	-1404.190	75.903
5.000	584.000	-1454.450	100.904
6.000	583.800	-1441.660	125.909
7.000	583.600	-1491.950	150.905
8.000	583.400	-1649.950	175.909
9.000	583.200	-1535.790	200.902
10.000	583.000	-1722.620	225.908
11.000	582.800	-1664.920	250.914
12.000	582.600	-1590.340	275.910
13.000	582.400	-1738.200	300.909
14.000	582.200	-1805.210	325.912
15.000	582.000	-1771.780	350.915
16.000	581.800	-1856.970	375.914
17.000	581.600	-1693.090	400.912
18.000	581.400	-1705.040	425.917
19.000	581.200	-1750.900	450.922
20.000	581.000	-1819.960	475.918
21.000	580.800	-1757.800	500.832
22.000	580.600	-1625.460	525.918
23.000	580.400	-1646.940	550.922
24.000	580.200	-1734.210	575.951
25.000	580.000	-1687.040	600.921
26.000	579.800	-1650.450	625.945
27.000	579.600	-1691.550	650.940
28.000	579.400	-1668.110	675.830
29.000	579.200	-1577.870	700.922
30.000	579.000	-1605.260	725.844
31.000	578.800	-1603.910	750.944
32.000	578.600	-1670.410	775.948
33.000	578.400	-1903.350	800.844
34.000	578.200	-1909.880	825.839
35.000	578.000	-1883.550	850.840
36.000	577.800	-1750.020	875.950
37.000	577.600	-1689.620	900.961
38.000	577.400	-1670.850	925.830
39.000	577.200	-1629.360	950.841
40.000	577.000	-1827.700	975.842
41.000	576.800	-1778.240	1000.845
42.000	576.600	-1749.070	1025.834
43.000	576.400	-1695.930	1050.838
44.000	576.200	-1700.680	1075.847
45.000	576.000	-1714.370	1100.847
46.000	575.800	-1737.220	1125.838
47.000	575.600	-1764.530	1150.849
48.000	575.400	-1726.210	1175.843
49.000	575.200	-1759.870	1200.842
50.000	575.000	-1709.540	1225.851
51.000	574.800	-1767.150	1250.845
52.000	574.600	-1716.590	1275.846
53.000	574.400	-1759.920	1300.846
54.000	574.200	-1787.990	1325.854
55.000	574.000	-1770.180	1350.860
56.000	573.800	-1739.330	1375.853
57.000	573.600	-1586.200	1400.852
58.000	573.400	-1544.450	1425.859
59.000	573.200	-1556.610	1450.858
60.000	573.000	-1566.820	1475.860
61.000	572.800	-1600.080	1500.852
62.000	572.600	-1740.700	1525.859
63.000	572.400	-1732.400	1550.862
64.000	572.200	-1681.470	1575.866
65.000	572.000	-1603.280	1600.857
66.000	571.800	-1482.950	1625.859
67.000	571.600	-1490.420	1650.865
68.000	571.400	-1529.870	1675.859
69.000	571.200	-1478.180	1700.864
70.000	571.000	-1435.580	1725.863
71.000	570.800	-1423.410	1750.864
72.000	570.600	-1338.000	1775.869
73.000	570.400	-1347.550	1800.864
74.000	570.200	-1192.090	1825.865
75.000	570.000	-1111.970	1850.871
76.000	569.800	0.000	1875.866
