0.000	540.000	-218.200	0.000
1.000	539.800	-181.000	9.698
2.000	539.600	-202.533	21.694
3.000	539.400	-222.667	33.697
4.000	539.200	-242.200	45.697
5.000	539.000	-237.400	57.702
6.000	538.800	-220.933	69.699
7.000	538.600	-202.933	81.709
8.000	538.400	-199.600	93.698
9.000	538.200	-185.600	105.709
10.000	538.000	-214.133	117.700
11.000	537.800	-229.333	129.701
12.000	537.600	-258.267	141.700
13.000	537.400	-252.067	153.704
14.000	537.200	-257.800	165.703
15.000	537.000	-236.467	177.711
16.000	536.800	-233.867	189.707
17.000	536.600	-220.733	201.705
18.000	536.400	-216.600	213.711
19.000	536.200	-252.667	225.704
20.000	536.000	-246.133	237.712
21.000	535.800	-211.267	249.705
22.000	535.600	-223.600	261.709
23.000	535.400	-243.000	273.704
24.000	535.200	-236.600	285.707
25.000	535.000	-202.533	297.706
26.000	534.800	-234.333	309.708
27.000	534.600	-224.667	321.712
28.000	534.400	-208.467	333.714
29.000	534.200	-212.867	345.713
30.000	534.000	-208.267	357.628
31.000	533.800	-190.600	369.717
32.000	533.600	-183.467	381.709
33.000	533.400	-190.667	393.712
34.000	533.200	-182.000	405.708
35.000	533.000	-191.733	417.711
36.000	532.800	-166.533	429.713
37.000	532.600	-175.533	441.712
38.000	532.400	-171.667	453.714
39.000	532.200	-196.333	465.744
40.000	532.000	-164.333	477.715
41.000	531.800	-186.200	489.711
42.000	531.600	-168.933	501.636
43.000	531.400	-177.733	513.743
44.000	531.200	-179.000	525.716
45.000	531.000	-203.133	537.718
46.000	530.800	-170.467	549.713
47.000	530.600	-170.867	561.634
48.000	530.400	-182.333	573.716
49.000	530.200	-171.800	585.743
50.000	530.000	-181.933	597.744
51.000	529.800	-167.133	609.715
52.000	529.600	-189.267	621.641
53.000	529.400	-181.200	633.744
54.000	529.200	-148.533	645.639
55.000	529.000	-170.800	657.717
56.000	528.800	-147.333	669.633
57.000	528.600	-138.467	681.642
58.000	528.400	-176.267	693.633
59.000	528.200	-183.200	705.753
60.000	528.000	-157.400	717.632
61.000	527.800	-116.600	729.637
62.000	527.600	-107.533	741.753
63.000	527.400	-88.267	753.746
64.000	527.200	-115.267	765.641
65.000	527.000	-126.133	777.635
66.000	526.800	-121.533	789.744
67.000	526.600	-114.533	801.754
68.000	526.400	-109.533	813.640
69.000	526.200	-120.333	825.744
70.000	526.000	-130.000	837.639
71.000	525.800	-127.333	849.637
72.000	525.600	-127.133	861.640
73.000	525.400	-103.133	873.754
74.000	525.200	-113.133	885.636
75.000	525.000	-121.000	897.642
76.000	524.800	-110.867	909.641
77.000	524.600	-125.133	921.635
78.000	524.400	-104.800	933.637
79.000	524.200	-99.867	945.753
80.000	524.000	-89.267	957.636
81.000	523.800	-81.333	969.753
82.000	523.600	-93.333	981.753
83.000	523.400	-79.133	993.633
84.000	523.200	-87.667	1005.635
85.000	523.000	-89.267	1017.634
86.000	522.800	-79.800	1029.633
87.000	522.600	-83.333	1041.640
88.000	522.400	-71.533	1053.633
89.000	522.200	-65.600	1065.633
90.000	522.000	-69.600	1077.634
91.000	521.800	-70.333	1089.749
92.000	521.600	-72.133	1101.646
93.000	521.400	-75.733	1113.636
94.000	521.200	-65.000	1125.642
95.000	521.000	-44.067	1137.642
96.000	520.800	-41.400	1149.647
97.000	520.600	-40.067	1161.635
98.000	520.400	-34.333	1173.642
99.000	520.200	-34.200	1185.647
100.000	520.000	-27.400	1197.638
101.000	519.800	0.000	1209.637
