0.000	560.000	-954.333	0.000
1.000	559.800	-1026.000	7.111
2.000	559.600	-1033.600	19.135
3.000	559.400	-1018.600	31.136
4.000	559.200	-1052.667	43.123
5.000	559.000	-992.133	55.142
6.000	558.800	-1019.667	67.131
7.000	558.600	-987.000	79.143
8.000	558.400	-951.467	91.122
9.000	558.200	-913.067	103.145
10.000	558.000	-952.800	115.142
11.000	557.800	-1050.067	127.133
12.000	557.600	-1033.867	139.128
13.000	557.400	-1037.733	151.129
14.000	557.200	-1009.933	163.139
15.000	557.000	-928.867	175.149
16.000	556.800	-980.533	187.140
17.000	556.600	-1081.067	199.121
18.000	556.400	-1044.667	211.143
19.000	556.200	-1043.200	223.134
20.000	556.000	-1047.600	235.134
21.000	555.800	-1125.400	247.149
22.000	555.600	-1116.733	259.138
23.000	555.400	-1131.067	271.147
24.000	555.200	-1205.200	283.133
25.000	555.000	-1209.267	295.109
26.000	554.800	-1240.133	307.127
27.000	554.600	-1230.467	319.143
28.000	554.400	-1189.733	331.139
29.000	554.200	-1157.733	343.146
30.000	554.000	-1222.200	355.154
31.000	553.800	-1276.133	367.137
32.000	553.600	-1357.600	379.156
33.000	553.400	-1379.867	391.143
34.000	553.200	-1333.133	403.155
35.000	553.000	-1336.200	415.149
36.000	552.800	-1317.267	427.152
37.000	552.600	-1359.467	439.151
38.000	552.400	-1410.733	451.147
39.000	552.200	-1423.133	463.157
40.000	552.000	-1374.667	475.144
41.000	551.800	-1394.067	487.152
42.000	551.600	-1477.867	499.158
43.000	551.400	-1451.667	511.143
44.000	551.200	-1376.400	523.159
45.000	551.000	-1389.733	535.156
46.000	550.800	-1410.200	547.153
47.000	550.600	-1329.533	559.151
48.000	550.400	-1371.000	571.151
49.000	550.200	-1434.600	583.150
50.000	550.000	-1434.000	595.143
51.000	549.800	-1426.800	607.065
52.000	549.600	-1435.667	619.154
53.000	549.400	-1380.067	631.165
54.000	549.200	-1423.800	643.152
55.000	549.000	-1474.600	655.142
56.000	548.800	-1517.867	667.166
57.000	548.600	-1498.133	679.066
58.000	548.400	-1597.200	691.069
59.000	548.200	-1639.667	703.127
60.000	548.000	-1630.333	715.156
61.000	547.800	-1672.267	727.147
62.000	547.600	-1667.867	739.148
63.000	547.400	-1673.200	751.151
64.000	547.200	-1674.133	763.070
65.000	547.000	-1668.400	775.161
66.000	546.800	-1707.867	787.159
67.000	546.600	-1701.800	799.156
68.000	546.400	-1773.733	811.159
69.000	546.200	-1693.533	823.156
70.000	546.000	-1646.600	835.146
71.000	545.800	-1727.867	847.071
72.000	545.600	-1717.733	859.156
73.000	545.400	-1679.133	871.155
74.000	545.200	-1720.333	883.160
75.000	545.000	-1692.933	895.160
76.000	544.800	-1783.467	907.154
77.000	544.600	-1770.000	919.160
78.000	544.400	-1849.667	931.078
79.000	544.200	-1829.800	943.074
80.000	544.000	-1831.133	955.067
81.000	543.800	-1786.800	967.165
82.000	543.600	-1758.600	979.068
83.000	543.400	-1762.533	991.067
84.000	543.200	-1894.467	1003.078
85.000	543.000	-1960.267	1015.078
86.000	542.800	-1895.467	1027.075
87.000	542.600	-1859.600	1039.067
88.000	542.400	-1893.600	1051.065
89.000	542.200	-2001.267	1063.076
90.000	542.000	-1997.533	1075.066
91.000	541.800	-1969.067	1087.164
92.000	541.600	-1940.000	1099.072
93.000	541.400	-1916.867	1111.079
94.000	541.200	-1899.000	1123.071
95.000	541.000	-1945.133	1135.073
96.000	540.800	-1982.133	1147.078
97.000	540.600	-2048.800	1159.073
98.000	540.400	-2016.600	1171.071
99.000	540.200	-1892.467	1183.076
100.000	540.000	-1949.600	1195.079
101.000	539.800	0.000	1207.082
