0.000	570.000	-464.867	0.000
1.000	569.800	-447.267	4.703
2.000	569.600	-448.933	16.697
3.000	569.400	-465.733	28.694
4.000	569.200	-475.933	40.709
5.000	569.000	-468.533	52.690
6.000	568.800	-494.733	64.705
7.000	568.600	-460.800	76.711
8.000	568.400	-467.867	88.697
9.000	568.200	-473.067	100.707
10.000	568.000	-477.200	112.716
11.000	567.800	-520.200	124.697
12.000	567.600	-518.667	136.707
13.000	567.400	-496.800	148.702
14.000	567.200	-504.200	160.696
15.000	567.000	-515.467	172.712
16.000	566.800	-510.533	184.699
17.000	566.600	-518.333	196.716
18.000	566.400	-503.267	208.706
19.000	566.200	-524.200	220.716
20.000	566.000	-562.867	232.708
21.000	565.800	-594.333	244.719
22.000	565.600	-603.933	256.701
23.000	565.400	-602.067	268.716
24.000	565.200	-653.000	280.717
25.000	565.000	-662.200	292.697
26.000	564.800	-651.733	304.704
27.000	564.600	-656.333	316.721
28.000	564.400	-660.800	328.722
29.000	564.200	-661.000	340.710
30.000	564.000	-667.200	352.703
31.000	563.800	-676.400	364.720
32.000	563.600	-663.933	376.715
33.000	563.400	-698.067	388.698
34.000	563.200	-710.267	400.724
35.000	563.000	-688.933	412.722
36.000	562.800	-695.667	424.718
37.000	562.600	-698.333	436.725
38.000	562.400	-698.933	448.707
39.000	562.200	-719.333	460.717
40.000	562.000	-774.267	472.805
41.000	561.800	-762.000	484.725
42.000	561.600	-784.667	496.723
43.000	561.400	-813.133	508.721
44.000	561.200	-810.133	520.715
45.000	561.000	-820.067	532.732
46.000	560.800	-857.200	544.790
47.000	560.600	-842.933	556.714
48.000	560.400	-829.267	568.716
49.000	560.200	-835.933	580.734
50.000	560.000	-895.200	592.735
51.000	559.800	-935.733	604.715
52.000	559.600	-956.667	616.718
53.000	559.400	-954.067	628.731
54.000	559.200	-918.733	640.719
55.000	559.000	-930.133	652.726
56.000	558.800	-939.600	664.737
57.000	558.600	-973.333	676.731
58.000	558.400	-1054.267	688.724
59.000	558.200	-1021.400	700.802
60.000	558.000	-1064.800	712.727
61.000	557.800	-1079.667	724.738
62.000	557.600	-1133.467	736.725
63.000	557.400	-1097.400	748.699
64.000	557.200	-1073.267	760.740
65.000	557.000	-1063.667	772.736
66.000	556.800	-1092.267	784.737
67.000	556.600	-1104.467	796.728
68.000	556.400	-1131.733	808.733
69.000	556.200	-1189.600	820.730
70.000	556.000	-1216.800	832.740
71.000	555.800	-1213.000	844.734
72.000	555.600	-1204.067	856.730
73.000	555.400	-1233.400	868.737
74.000	555.200	-1178.800	880.734
75.000	555.000	-1211.733	892.788
76.000	554.800	0.000	904.716
