5.223999999999999773e+02 4.231999999999999318e+01
5.226000000000000227e+02 4.178883333333333638e+01
5.228000000000000682e+02 4.317487500000000011e+01
5.230000000000001137e+02 4.385177777777777663e+01
5.232000000000001592e+02 4.545329999999999870e+01
5.234000000000002046e+02 4.877999999999999403e+01
5.236000000000002501e+02 5.296000000000000085e+01
5.238000000000002956e+02 5.606669999999999021e+01
5.240000000000003411e+02 5.924000000000000909e+01
5.242000000000003865e+02 6.178659999999999997e+01
5.244000000000004320e+02 6.418659999999999854e+01
5.246000000000004775e+02 6.756660000000000821e+01
5.248000000000005230e+02 7.216659999999998831e+01
5.250000000000005684e+02 7.623989999999999156e+01
5.252000000000006139e+02 7.828650000000000375e+01
5.254000000000006594e+02 7.875979999999999848e+01
5.256000000000007049e+02 7.769979999999999620e+01
5.258000000000007503e+02 7.876640000000000441e+01
5.260000000000007958e+02 7.927970000000000539e+01
5.262000000000008413e+02 7.949309999999999832e+01
5.264000000000008868e+02 7.800649999999998840e+01
5.266000000000009322e+02 7.604650000000000887e+01
5.268000000000009777e+02 7.497319999999999141e+01
5.270000000000010232e+02 7.771320000000000050e+01
5.272000000000010687e+02 8.399989999999999668e+01
5.274000000000011141e+02 9.067329999999999757e+01
5.276000000000011596e+02 9.306669999999999732e+01
5.278000000000012051e+02 9.564670000000000982e+01
5.280000000000012506e+02 1.001133999999999986e+02
5.282000000000012960e+02 1.034400000000000119e+02
5.284000000000013415e+02 1.127332999999999856e+02
5.286000000000013870e+02 1.209067000000000007e+02
5.288000000000014325e+02 1.259600000000000080e+02
5.290000000000014779e+02 1.284132999999999925e+02
5.292000000000015234e+02 1.272733000000000203e+02
5.294000000000015689e+02 1.278799000000000206e+02
5.296000000000016144e+02 1.311198999999999728e+02
5.298000000000016598e+02 1.334332999999999743e+02
5.300000000000017053e+02 1.366665999999999883e+02
5.302000000000017508e+02 1.397133000000000322e+02
5.304000000000017963e+02 1.393666000000000054e+02
5.306000000000018417e+02 1.373332000000000050e+02
5.308000000000018872e+02 1.392398999999999774e+02
5.310000000000019327e+02 1.374799000000000149e+02
5.312000000000019782e+02 1.399331999999999994e+02
5.314000000000020236e+02 1.388666000000000054e+02
5.316000000000020691e+02 1.393332000000000050e+02
5.318000000000021146e+02 1.389398000000000195e+02
5.320000000000021600e+02 1.377997999999999763e+02
5.322000000000022055e+02 1.380997999999999877e+02
5.324000000000022510e+02 1.393932000000000073e+02
5.326000000000022965e+02 1.408466000000000236e+02
5.328000000000023419e+02 1.412865999999999929e+02
5.330000000000023874e+02 1.456800000000000068e+02
5.332000000000024329e+02 1.473333999999999833e+02
5.334000000000024784e+02 1.510133999999999901e+02
5.336000000000025238e+02 1.559267999999999859e+02
5.338000000000025693e+02 1.627067999999999870e+02
5.340000000000026148e+02 1.637867999999999995e+02
5.342000000000026603e+02 1.692468000000000075e+02
5.344000000000027057e+02 1.744800999999999931e+02
5.346000000000027512e+02 1.784934000000000083e+02
5.348000000000027967e+02 1.805601000000000056e+02
5.350000000000028422e+02 1.843466999999999985e+02
5.352000000000028876e+02 1.883266999999999882e+02
5.354000000000029331e+02 1.891399999999999864e+02
5.356000000000029786e+02 1.887466000000000008e+02
5.358000000000030241e+02 1.886999999999999886e+02
5.360000000000030695e+02 1.920933999999999742e+02
5.362000000000031150e+02 1.942134000000000071e+02
5.364000000000031605e+02 1.951201000000000079e+02
5.366000000000032060e+02 1.985868000000000109e+02
5.368000000000032514e+02 2.003933999999999855e+02
5.370000000000032969e+02 1.971933999999999685e+02
5.372000000000033424e+02 1.904866999999999848e+02
5.374000000000033879e+02 1.887866999999999962e+02
5.376000000000034333e+02 1.870067000000000235e+02
5.378000000000034788e+02 1.857133000000000038e+02
5.380000000000035243e+02 1.858066000000000031e+02
5.382000000000035698e+02 1.842466000000000008e+02
5.384000000000036152e+02 1.813066000000000031e+02
5.386000000000036607e+02 1.757332000000000107e+02
5.388000000000037062e+02 1.708999000000000024e+02
5.390000000000037517e+02 1.720484545454545469e+02
5.392000000000037971e+02 1.756059999999999945e+02
5.394000000000038426e+02 1.751696363636363571e+02
5.396000000000038881e+02 1.734302727272727509e+02
5.398000000000039336e+02 1.698788181818181897e+02
5.400000000000039790e+02 1.661939999999999884e+02
5.402000000000040245e+02 1.625637272727272773e+02
5.404000000000040700e+02 1.604969999999999857e+02
5.406000000000041155e+02 1.615576363636363908e+02
5.408000000000041609e+02 1.628546363636363594e+02
5.410000000000042064e+02 1.583333999999999833e+02
5.412000000000042519e+02 1.557000999999999635e+02
5.414000000000042974e+02 1.564333999999999776e+02
5.416000000000043428e+02 1.574600999999999829e+02
5.418000000000043883e+02 1.604934000000000083e+02
5.420000000000044338e+02 1.629267000000000110e+02
5.422000000000044793e+02 1.649132999999999925e+02
5.424000000000045247e+02 1.645733000000000175e+02
5.426000000000045702e+02 1.635465999999999838e+02
5.428000000000046157e+02 1.642198999999999955e+02
5.430000000000046612e+02 1.658932000000000073e+02
5.432000000000047066e+02 1.682864999999999895e+02
5.434000000000047521e+02 1.701399000000000115e+02
5.436000000000047976e+02 1.729731999999999914e+02
5.438000000000048431e+02 1.735465000000000089e+02
5.440000000000048885e+02 1.709397999999999911e+02
5.442000000000049340e+02 1.688397999999999683e+02
5.444000000000049795e+02 1.679997999999999934e+02
5.446000000000050250e+02 1.691998000000000104e+02
5.448000000000050704e+02 1.705531000000000290e+02
5.450000000000051159e+02 1.687197999999999922e+02
5.452000000000051614e+02 1.645598000000000241e+02
5.454000000000052069e+02 1.620064000000000419e+02
5.456000000000052523e+02 1.601330999999999847e+02
5.458000000000052978e+02 1.612198000000000206e+02
5.460000000000053433e+02 1.639865000000000350e+02
5.462000000000053888e+02 1.660799000000000092e+02
5.464000000000054342e+02 1.680266000000000020e+02
5.466000000000054797e+02 1.682466000000000008e+02
5.468000000000055252e+02 1.692733000000000061e+02
5.470000000000055707e+02 1.717600000000000193e+02
5.472000000000056161e+02 1.741266999999999996e+02
5.474000000000056616e+02 1.739200999999999908e+02
5.476000000000057071e+02 1.711933999999999685e+02
5.478000000000057526e+02 1.672933999999999912e+02
5.480000000000057980e+02 1.630534000000000106e+02
5.482000000000058435e+02 1.605200000000000102e+02
5.484000000000058890e+02 1.569933000000000050e+02
5.486000000000059345e+02 1.537733000000000061e+02
5.488000000000059799e+02 1.495466000000000122e+02
5.490000000000060254e+02 1.453999000000000308e+02
5.492000000000060709e+02 1.439799000000000149e+02
5.494000000000061164e+02 1.433399000000000001e+02
5.496000000000061618e+02 1.439331999999999994e+02
5.498000000000062073e+02 1.441332000000000164e+02
5.500000000000062528e+02 1.438598999999999819e+02
5.502000000000062983e+02 1.434533000000000129e+02
5.504000000000063437e+02 1.477532999999999959e+02
5.506000000000063892e+02 1.507733000000000061e+02
5.508000000000064347e+02 1.526533000000000015e+02
5.510000000000064801e+02 1.555400000000000205e+02
5.512000000000065256e+02 1.580666999999999973e+02
5.514000000000065711e+02 1.613933000000000106e+02
5.516000000000066166e+02 1.644066999999999723e+02
5.518000000000066620e+02 1.665199999999999818e+02
5.520000000000067075e+02 1.714200000000000159e+02
5.522000000000067530e+02 1.739933000000000334e+02
5.524000000000067985e+02 1.762733000000000061e+02
5.526000000000068439e+02 1.764933000000000334e+02
5.528000000000068894e+02 1.779000000000000341e+02
5.530000000000069349e+02 1.785400000000000205e+02
5.532000000000069804e+02 1.788666000000000054e+02
5.534000000000070258e+02 1.816265999999999963e+02
5.536000000000070713e+02 1.831132000000000062e+02
5.538000000000071168e+02 1.833331999999999766e+02
5.540000000000071623e+02 1.837598000000000127e+02
5.542000000000072077e+02 1.836331000000000131e+02
5.544000000000072532e+02 1.790731000000000108e+02
5.546000000000072987e+02 1.779798000000000116e+02
5.548000000000073442e+02 1.759464999999999861e+02
5.550000000000073896e+02 1.750330999999999904e+02
5.552000000000074351e+02 1.737530999999999892e+02
5.554000000000074806e+02 1.700731000000000108e+02
5.556000000000075261e+02 1.680331000000000188e+02
5.558000000000075715e+02 1.666798000000000002e+02
5.560000000000076170e+02 1.646732000000000085e+02
5.562000000000076625e+02 1.613066000000000031e+02
5.564000000000077080e+02 1.612400000000000091e+02
5.566000000000077534e+02 1.611867000000000019e+02
5.568000000000077989e+02 1.627666999999999859e+02
5.570000000000078444e+02 1.646733999999999867e+02
5.572000000000078899e+02 1.670934000000000026e+02
5.574000000000079353e+02 1.679200999999999908e+02
5.576000000000079808e+02 1.675334999999999752e+02
5.578000000000080263e+02 1.669868000000000166e+02
5.580000000000080718e+02 1.652467999999999790e+02
5.582000000000081172e+02 1.657000999999999920e+02
5.584000000000081627e+02 1.660133999999999901e+02
5.586000000000082082e+02 1.659866999999999848e+02
5.588000000000082537e+02 1.670332999999999970e+02
5.590000000000082991e+02 1.654866000000000099e+02
5.592000000000083446e+02 1.627481111111111431e+02
5.594000000000083901e+02 1.607166250000000218e+02
5.596000000000084356e+02 1.603808571428571383e+02
5.598000000000084810e+02 1.610888333333333264e+02
5.600000000000085265e+02 1.626132000000000062e+02
5.602000000000085720e+02 1.662665000000000077e+02
5.604000000000086175e+02 1.700220000000000198e+02
5.606000000000086629e+02 1.717330000000000041e+02
5.608000000000087084e+02 1.611330000000000098e+02
5.610000000000087539e+02 nan
5.612000000000087994e+02 nan
5.614000000000088448e+02 nan
5.616000000000088903e+02 nan
5.618000000000089358e+02 nan
5.620000000000089813e+02 nan
5.622000000000090267e+02 nan
5.624000000000090722e+02 nan
5.626000000000091177e+02 nan
5.628000000000091632e+02 nan
5.630000000000092086e+02 nan
5.632000000000092541e+02 nan
5.634000000000092996e+02 nan
5.636000000000093451e+02 nan
5.638000000000093905e+02 nan
5.640000000000094360e+02 1.558329999999999984e+02
5.642000000000094815e+02 1.506829999999999927e+02
5.644000000000095270e+02 1.516109999999999900e+02
5.646000000000095724e+02 1.506749999999999829e+02
5.648000000000096179e+02 1.510465999999999838e+02
5.650000000000096634e+02 1.520554999999999950e+02
5.652000000000097089e+02 1.524190000000000111e+02
5.654000000000097543e+02 1.517457499999999868e+02
5.656000000000097998e+02 1.521962222222222181e+02
5.658000000000098453e+02 1.530632999999999697e+02
5.660000000000098908e+02 1.539866999999999848e+02
5.662000000000099362e+02 1.559200999999999908e+02
5.664000000000099817e+02 1.568533999999999935e+02
5.666000000000100272e+02 1.583899999999999579e+02
5.668000000000100727e+02 1.598799999999999670e+02
5.670000000000101181e+02 1.602832999999999970e+02
5.672000000000101636e+02 1.610165999999999826e+02
5.674000000000102091e+02 1.621665999999999883e+02
5.676000000000102546e+02 1.629766000000000190e+02
5.678000000000103000e+02 1.643865999999999872e+02
5.680000000000103455e+02 1.642631999999999834e+02
5.682000000000103910e+02 1.631897999999999911e+02
5.684000000000104365e+02 1.623865000000000123e+02
5.686000000000104819e+02 1.618564999999999827e+02
5.688000000000105274e+02 1.605165000000000077e+02
5.690000000000105729e+02 1.609164999999999850e+02
5.692000000000106184e+02 1.611799000000000035e+02
5.694000000000106638e+02 1.616999000000000137e+02
5.696000000000107093e+02 1.640899000000000285e+02
5.698000000000107548e+02 1.635299000000000262e+02
5.700000000000108002e+02 1.633733000000000288e+02
5.702000000000108457e+02 1.643866999999999905e+02
5.704000000000108912e+02 1.653733000000000004e+02
5.706000000000109367e+02 1.666333000000000197e+02
5.708000000000109821e+02 1.666200000000000045e+02
5.710000000000110276e+02 1.658199999999999932e+02
5.712000000000110731e+02 1.665965999999999951e+02
5.714000000000111186e+02 1.677532999999999959e+02
5.716000000000111640e+02 1.662932999999999879e+02
5.718000000000112095e+02 1.666766000000000076e+02
5.720000000000112550e+02 1.676699000000000126e+02
5.722000000000113005e+02 1.685198999999999785e+02
5.724000000000113459e+02 1.696565999999999690e+02
5.726000000000113914e+02 1.710833000000000368e+02
5.728000000000114369e+02 1.723500000000000227e+02
5.730000000000114824e+02 1.734267000000000110e+02
5.732000000000115278e+02 1.742366999999999848e+02
5.734000000000115733e+02 1.741867000000000303e+02
5.736000000000116188e+02 1.742334000000000174e+02
5.738000000000116643e+02 1.733867000000000189e+02
5.740000000000117097e+02 1.743567000000000178e+02
5.742000000000117552e+02 1.752332999999999856e+02
5.744000000000118007e+02 1.749732999999999947e+02
5.746000000000118462e+02 1.745166000000000111e+02
5.748000000000118916e+02 1.750999000000000194e+02
5.750000000000119371e+02 1.750365999999999929e+02
5.752000000000119826e+02 1.743865999999999872e+02
5.754000000000120281e+02 1.738066000000000031e+02
5.756000000000120735e+02 1.726799000000000035e+02
5.758000000000121190e+02 1.717333000000000141e+02
5.760000000000121645e+02 1.707566000000000201e+02
5.762000000000122100e+02 1.699466000000000179e+02
5.764000000000122554e+02 1.706832999999999743e+02
5.766000000000123009e+02 1.710333000000000254e+02
5.768000000000123464e+02 1.739333000000000027e+02
5.770000000000123919e+02 1.787832999999999970e+02
5.772000000000124373e+02 1.832400000000000091e+02
5.774000000000124828e+02 1.855233000000000061e+02
5.776000000000125283e+02 1.868466000000000236e+02
5.778000000000125738e+02 1.897832000000000221e+02
5.780000000000126192e+02 1.905466000000000122e+02
5.782000000000126647e+02 1.926865999999999985e+02
5.784000000000127102e+02 1.933832000000000164e+02
5.786000000000127557e+02 1.925299000000000262e+02
5.788000000000128011e+02 1.901799000000000319e+02
5.790000000000128466e+02 1.851284166666666522e+02
5.792000000000128921e+02 1.806362380952380988e+02
5.794000000000129376e+02 1.780475029761904580e+02
5.796000000000129830e+02 1.755012566137566239e+02
5.798000000000130285e+02 1.741456880952380857e+02
5.800000000000130740e+02 1.737564696969697025e+02
5.802000000000131195e+02 1.716587222222221953e+02
5.804000000000131649e+02 1.698324358974359143e+02
5.806000000000132104e+02 1.707416955782312868e+02
5.808000000000132559e+02 1.715817730158730399e+02
5.810000000000133014e+02 1.719181396825396746e+02
5.812000000000133468e+02 1.729127428571428311e+02
5.814000000000133923e+02 1.721943190476190182e+02
5.816000000000134378e+02 1.721205095238095168e+02
5.818000000000134833e+02 1.692433666666666454e+02
5.820000000000135287e+02 1.652336619047618740e+02
5.822000000000135742e+02 1.618158952380952371e+02
5.824000000000136197e+02 1.576617571428571125e+02
5.826000000000136652e+02 1.505357142857142776e+02
5.828000000000137106e+02 1.433700000000000045e+02
5.830000000000137561e+02 1.364914285714285711e+02
5.832000000000138016e+02 1.299599999999999795e+02
5.834000000000138471e+02 1.265917571428571620e+02
5.836000000000138925e+02 1.255584238095238163e+02
5.838000000000139380e+02 1.270706238095238234e+02
5.840000000000139835e+02 1.295601476190476262e+02
5.842000000000140290e+02 1.346587190476190585e+02
5.844000000000140744e+02 1.383614285714285757e+02
5.846000000000141199e+02 1.455055666666666809e+02
5.848000000000141654e+02 1.530073238095237684e+02
5.850000000000142109e+02 1.598898523809523908e+02
5.852000000000142563e+02 1.654917571428571250e+02
5.854000000000143018e+02 1.690471428571428305e+02
5.856000000000143473e+02 1.707888666666666495e+02
5.858000000000143928e+02 1.734969619047618608e+02
5.860000000000144382e+02 1.755972904761904090e+02
5.862000000000144837e+02 1.753899666666666803e+02
5.864000000000145292e+02 1.759921666666666908e+02
5.866000000000145747e+02 1.745404095238095294e+02
5.868000000000146201e+02 1.728891285714285573e+02
5.870000000000146656e+02 1.716718380952380869e+02
5.872000000000147111e+02 1.711993095238094895e+02
5.874000000000147566e+02 1.717629714285714044e+02
5.876000000000148020e+02 1.728682095238094973e+02
5.878000000000148475e+02 1.721324952380952027e+02
5.880000000000148930e+02 1.707953523809523801e+02
5.882000000000149385e+02 1.704729714285714124e+02
5.884000000000149839e+02 1.715631523809523742e+02
5.886000000000150294e+02 1.727568142857142846e+02
5.888000000000150749e+02 1.726964857142857284e+02
5.890000000000151203e+02 1.710937761904762056e+02
5.892000000000151658e+02 1.687850571428571413e+02
5.894000000000152113e+02 1.679593428571428717e+02
5.896000000000152568e+02 1.662501476190476524e+02
5.898000000000153022e+02 1.641908047619047863e+02
5.900000000000153477e+02 1.636149428571428643e+02
5.902000000000153932e+02 1.614289333333332763e+02
5.904000000000154387e+02 1.596065523809523654e+02
5.906000000000154841e+02 1.560287523809523691e+02
5.908000000000155296e+02 1.546594095238095292e+02
5.910000000000155751e+02 1.547091142857142927e+02
5.912000000000156206e+02 1.562808380952380674e+02
5.914000000000156660e+02 1.555403619047619088e+02
5.916000000000157115e+02 1.534952714285714137e+02
5.918000000000157570e+02 1.531684238095237731e+02
5.920000000000158025e+02 1.516608047619047568e+02
5.922000000000158479e+02 1.498738095238095127e+02
5.924000000000158934e+02 1.472561904761904827e+02
5.926000000000159389e+02 1.454952380952380793e+02
5.928000000000159844e+02 1.433293428571428478e+02
5.930000000000160298e+02 1.394090142857142780e+02
5.932000000000160753e+02 1.340298190476190427e+02
5.934000000000161208e+02 1.306141047619047697e+02
5.936000000000161663e+02 1.282915761904761780e+02
5.938000000000162117e+02 1.243461904761904862e+02
5.940000000000162572e+02 1.198116635944700619e+02
5.942000000000163027e+02 1.178320829493087558e+02
5.944000000000163482e+02 1.159623225806451785e+02
5.946000000000163936e+02 1.142459078341013736e+02
5.948000000000164391e+02 1.119370092165898711e+02
5.950000000000164846e+02 1.113491336405530205e+02
5.952000000000165301e+02 1.116795483870967871e+02
5.954000000000165755e+02 1.099099631336405594e+02
5.956000000000166210e+02 1.077211658986175280e+02
5.958000000000166665e+02 1.057595576036866163e+02
5.960000000000167120e+02 1.040693095238095367e+02
5.962000000000167574e+02 1.013671095238095035e+02
5.964000000000168029e+02 9.902996666666668091e+01
5.966000000000168484e+02 9.659615714285715171e+01
5.968000000000168939e+02 9.439615714285714887e+01
5.970000000000169393e+02 9.204472857142854991e+01
5.972000000000169848e+02 8.859853809523808366e+01
5.974000000000170303e+02 8.616568095238093861e+01
5.976000000000170758e+02 8.393853809523808707e+01
5.978000000000171212e+02 8.130219999999999914e+01
5.980000000000171667e+02 7.904619047619046057e+01
5.982000000000172122e+02 7.687967142857142733e+01
5.984000000000172577e+02 7.477205238095238826e+01
5.986000000000173031e+02 7.316648571428571302e+01
5.988000000000173486e+02 7.080475079365079694e+01
5.990000000000173941e+02 6.897165079365079521e+01
5.992000000000174396e+02 6.845957993197279734e+01
5.994000000000174850e+02 6.775554212454213143e+01
5.996000000000175305e+02 6.679134920634921002e+01
5.998000000000175760e+02 6.686179004329005693e+01
6.000000000000176215e+02 6.657247619047620901e+01
6.002000000000176669e+02 6.659267989417989497e+01
6.004000000000177124e+02 6.747363095238095809e+01
6.006000000000177579e+02 6.951476190476189743e+01
6.008000000000178034e+02 7.306441666666667345e+01
6.010000000000178488e+02 7.675999999999999091e+01
6.012000000000178943e+02 7.489340000000001396e+01
6.014000000000179398e+02 7.210009999999998342e+01
6.016000000000179853e+02 7.174009999999999820e+01
6.018000000000180307e+02 7.011339999999999861e+01
6.020000000000180762e+02 7.076010000000000844e+01
6.022000000000181217e+02 6.880680000000000973e+01
6.024000000000181672e+02 6.734010000000000673e+01
6.026000000000182126e+02 6.665340000000000487e+01
6.028000000000182581e+02 6.785339999999999350e+01
6.030000000000183036e+02 6.771999999999999886e+01
6.032000000000183491e+02 7.088660000000000139e+01
6.034000000000183945e+02 7.496659999999999968e+01
6.036000000000184400e+02 7.640659999999999741e+01
6.038000000000184855e+02 7.897330000000000894e+01
6.040000000000185310e+02 8.303781818181818153e+01
6.042000000000185764e+02 8.993779166666665503e+01
6.044000000000186219e+02 9.436023076923076758e+01
6.046000000000186674e+02 9.815535714285714164e+01
6.048000000000187129e+02 1.002383333333333297e+02
6.050000000000187583e+02 1.021596562499999976e+02
6.052000000000188038e+02 1.014777352941176503e+02
6.054000000000188493e+02 9.970744444444443388e+01
6.056000000000188948e+02 9.974168421052631572e+01
6.058000000000189402e+02 9.930124999999999602e+01
6.060000000000189857e+02 1.000862499999999926e+02
6.062000000000190312e+02 9.707124999999999204e+01
6.064000000000190767e+02 9.409874999999999545e+01
6.066000000000191221e+02 9.045437499999998465e+01
6.068000000000191676e+02 8.569874999999998977e+01
6.070000000000192131e+02 8.215062500000000512e+01
6.072000000000192586e+02 7.994312500000000909e+01
6.074000000000193040e+02 7.732874999999999943e+01
6.076000000000193495e+02 7.575812499999999261e+01
6.078000000000193950e+02 7.563437500000000568e+01
6.080000000000194404e+02 7.277083333333332860e+01
6.082000000000194859e+02 7.430568181818181017e+01
6.084000000000195314e+02 7.222554347826087451e+01
6.086000000000195769e+02 7.042812500000000853e+01
6.088000000000196223e+02 7.109999999999999432e+01
6.090000000000196678e+02 6.959615384615383959e+01
6.092000000000197133e+02 6.913200000000000500e+01
6.094000000000197588e+02 6.984531249999999147e+01
6.096000000000198042e+02 6.942391304347826519e+01
6.098000000000198497e+02 6.820397727272728616e+01
6.100000000000198952e+02 6.755312499999999432e+01
6.102000000000199407e+02 6.419926470588235645e+01
6.104000000000199861e+02 6.531517857142857508e+01
6.106000000000200316e+02 6.594431818181818983e+01
6.108000000000200771e+02 6.243437500000000284e+01
6.110000000000201226e+02 6.454416666666666913e+01
6.112000000000201680e+02 6.594972222222223479e+01
6.114000000000202135e+02 6.810240079365080135e+01
6.116000000000202590e+02 6.962948412698411005e+01
6.118000000000203045e+02 7.080980820105818907e+01
6.120000000000203499e+02 7.225749338624338236e+01
6.122000000000203954e+02 7.276197845804988162e+01
6.124000000000204409e+02 7.306812003968254032e+01
6.126000000000204864e+02 7.326795855379188538e+01
6.128000000000205318e+02 7.342116269841270082e+01
6.130000000000205773e+02 7.375160714285713937e+01
6.132000000000206228e+02 7.405549603174603135e+01
6.134000000000206683e+02 7.454263888888888800e+01
6.136000000000207137e+02 7.483666666666665890e+01
6.138000000000207592e+02 7.493333333333333712e+01
6.140000000000208047e+02 7.500666666666666060e+01
6.142000000000208502e+02 7.525444444444443093e+01
6.144000000000208956e+02 7.571333333333332405e+01
6.146000000000209411e+02 7.641444444444444173e+01
6.148000000000209866e+02 7.734777777777777885e+01
6.150000000000210321e+02 7.865888888888888175e+01
6.152000000000210775e+02 7.992888888888889198e+01
6.154000000000211230e+02 8.120222222222221831e+01
6.156000000000211685e+02 8.287777777777776578e+01
6.158000000000212140e+02 8.465888888888888175e+01
6.160000000000212594e+02 8.640111111111112052e+01
6.162000000000213049e+02 8.791888888888890108e+01
6.164000000000213504e+02 8.933777777777780216e+01
6.166000000000213959e+02 9.050111111111111484e+01
6.168000000000214413e+02 9.127555555555557021e+01
6.170000000000214868e+02 9.167444444444444684e+01
6.172000000000215323e+02 9.197333333333334338e+01
6.174000000000215778e+02 9.188111111111112450e+01
6.176000000000216232e+02 9.145000000000001705e+01
6.178000000000216687e+02 9.073111111111111882e+01
6.180000000000217142e+02 8.972111111111112791e+01
6.182000000000217597e+02 8.857566666666666322e+01
6.184000000000218051e+02 8.719314141414142227e+01
6.186000000000218506e+02 8.579369696969696690e+01
6.188000000000218961e+02 8.467899611499611012e+01
6.190000000000219416e+02 8.344180021998204211e+01
6.192000000000219870e+02 8.242905760905762236e+01
6.194000000000220325e+02 8.159904463058309432e+01
6.196000000000220780e+02 8.088996254445835632e+01
6.198000000000221235e+02 8.043285393038333098e+01
6.200000000000221689e+02 8.022107833751215367e+01
6.202000000000222144e+02 8.033219137648201524e+01
6.204000000000222599e+02 8.055464539091990162e+01
6.206000000000223054e+02 8.060644768028669205e+01
6.208000000000223508e+02 8.044458683473389726e+01
6.210000000000223963e+02 8.008831699346403354e+01
6.212000000000224418e+02 7.962165032679737919e+01
6.214000000000224873e+02 7.913359477124183172e+01
6.216000000000225327e+02 7.855611111111110745e+01
6.218000000000225782e+02 7.781333333333334679e+01
6.220000000000226237e+02 7.692555555555554747e+01
6.222000000000226692e+02 7.583944444444443889e+01
6.224000000000227146e+02 7.481611111111109835e+01
6.226000000000227601e+02 7.410111111111112336e+01
6.228000000000228056e+02 7.367388888888889653e+01
6.230000000000228511e+02 7.365944444444446049e+01
6.232000000000228965e+02 7.412888888888889483e+01
6.234000000000229420e+02 7.491415032679739738e+01
6.236000000000229875e+02 7.591880310457517567e+01
6.238000000000230330e+02 7.713791421568626561e+01
6.240000000000230784e+02 7.857442215219421655e+01
6.242000000000231239e+02 7.980299047959265124e+01
6.244000000000231694e+02 8.107306402475519747e+01
6.246000000000232149e+02 8.239334527160650623e+01
6.248000000000232603e+02 8.363570712885969272e+01
6.250000000000233058e+02 8.433512464115402452e+01
6.252000000000233513e+02 8.445906211552220100e+01
6.254000000000233968e+02 8.418200656181423369e+01
6.256000000000234422e+02 8.363293766418765074e+01
6.258000000000234877e+02 8.264562896699258943e+01
6.260000000000235332e+02 8.109384265734266251e+01
6.262000000000235787e+02 7.968367171717171971e+01
6.264000000000236241e+02 7.831561616161616257e+01
6.266000000000236696e+02 7.677066666666667061e+01
6.268000000000237151e+02 7.550222222222221546e+01
6.270000000000237605e+02 7.484444444444443434e+01
6.272000000000238060e+02 7.452777777777775725e+01
6.274000000000238515e+02 7.416222222222222626e+01
6.276000000000238970e+02 7.383666666666665890e+01
6.278000000000239424e+02 7.346555555555553951e+01
6.280000000000239879e+02 7.289111111111108698e+01
6.282000000000240334e+02 7.198222222222221944e+01
6.284000000000240789e+02 7.097777777777777430e+01
6.286000000000241243e+02 6.999666666666666970e+01
6.288000000000241698e+02 6.882111111111110802e+01
6.290000000000242153e+02 6.758666666666667311e+01
6.292000000000242608e+02 6.640444444444443661e+01
6.294000000000243062e+02 6.548777777777777942e+01
6.296000000000243517e+02 6.476333333333332121e+01
6.298000000000243972e+02 6.449555555555555486e+01
6.300000000000244427e+02 6.478999999999999204e+01
6.302000000000244881e+02 6.546666666666666856e+01
6.304000000000245336e+02 6.622111111111111370e+01
6.306000000000245791e+02 6.704444444444445139e+01
6.308000000000246246e+02 6.770666666666666345e+01
6.310000000000246700e+02 6.817777777777777715e+01
6.312000000000247155e+02 6.829333333333333655e+01
6.314000000000247610e+02 6.804111111111110688e+01
6.316000000000248065e+02 6.748222222222221944e+01
6.318000000000248519e+02 6.650222222222222968e+01
6.320000000000248974e+02 6.518888888888889710e+01
6.322000000000249429e+02 6.376555555555555799e+01
6.324000000000249884e+02 6.213444444444445480e+01
6.326000000000250338e+02 6.040111111111110631e+01
6.328000000000250793e+02 5.872000000000000597e+01
6.330000000000251248e+02 5.718777777777778226e+01
6.332000000000251703e+02 5.611455555555555463e+01
6.334000000000252157e+02 5.518112121212121934e+01
6.336000000000252612e+02 5.423501010101009712e+01
6.338000000000253067e+02 5.333312975912976128e+01
6.340000000000253522e+02 5.176749170021896873e+01
6.342000000000253976e+02 5.052612665112664558e+01
6.344000000000254431e+02 4.968084767796306522e+01
6.346000000000254886e+02 4.910854623317859335e+01
6.348000000000255341e+02 4.851316166948520703e+01
6.350000000000255795e+02 4.775053350958681619e+01
6.352000000000256250e+02 4.686514264954576703e+01
6.354000000000256705e+02 4.620478960672588187e+01
6.356000000000257160e+02 4.577559015374031048e+01
6.358000000000257614e+02 4.551386192810457487e+01
6.360000000000258069e+02 4.533497303921568289e+01
6.362000000000258524e+02 4.509475081699346077e+01
6.364000000000258979e+02 4.465732026143791700e+01
6.366000000000259433e+02 4.401111111111111285e+01
6.368000000000259888e+02 4.331944444444444287e+01
6.370000000000260343e+02 4.277333333333332632e+01
6.372000000000260798e+02 4.215555555555556566e+01
6.374000000000261252e+02 4.136222222222222911e+01
6.376000000000261707e+02 4.042944444444444940e+01
6.378000000000262162e+02 3.931833333333334224e+01
6.380000000000262617e+02 3.815499999999999403e+01
6.382000000000263071e+02 3.706333333333331836e+01
6.384000000000263526e+02 3.621741830065359125e+01
6.386000000000263981e+02 3.556186274509803980e+01
6.388000000000264436e+02 3.502741830065359352e+01
6.390000000000264890e+02 3.447900560224088906e+01
6.392000000000265345e+02 3.405387904149513645e+01
6.394000000000265800e+02 3.366520565491154571e+01
6.396000000000266255e+02 3.320154276711370045e+01
6.398000000000266709e+02 3.266469474561385766e+01
6.400000000000267164e+02 3.192826698791404638e+01
6.402000000000267619e+02 3.101361939181266436e+01
6.404000000000268074e+02 2.976222862607477282e+01
6.406000000000268528e+02 2.819889582639582670e+01
6.408000000000268983e+02 2.645738130556312484e+01
6.410000000000269438e+02 2.454883372183372359e+01
6.412000000000269893e+02 2.343780808080807887e+01
6.414000000000270347e+02 2.247725252525252415e+01
6.416000000000270802e+02 2.172977777777777675e+01
6.418000000000271257e+02 2.119333333333333513e+01
6.420000000000271712e+02 2.088111111111111384e+01
6.422000000000272166e+02 2.053555555555555401e+01
6.424000000000272621e+02 2.025999999999999801e+01
6.426000000000273076e+02 2.000888888888889028e+01
6.428000000000273531e+02 1.978444444444444628e+01
6.430000000000273985e+02 1.952111111111111086e+01
6.432000000000274440e+02 1.914111111111110830e+01
6.434000000000274895e+02 1.865111111111110986e+01
6.436000000000275350e+02 1.813666666666666316e+01
6.438000000000275804e+02 1.772888888888888914e+01
6.440000000000276259e+02 1.743555555555555614e+01
6.442000000000276714e+02 1.717666666666666586e+01
6.444000000000277169e+02 1.688555555555555188e+01
6.446000000000277623e+02 1.643666666666666387e+01
6.448000000000278078e+02 1.590999999999999659e+01
6.450000000000278533e+02 1.539888888888888552e+01
6.452000000000278987e+02 1.499777777777777565e+01
6.454000000000279442e+02 1.470333333333333314e+01
6.456000000000279897e+02 1.435555555555555785e+01
6.458000000000280352e+02 1.396333333333333471e+01
6.460000000000280806e+02 1.344444444444444287e+01
6.462000000000281261e+02 1.286555555555555586e+01
6.464000000000281716e+02 1.224666666666666615e+01
6.466000000000282171e+02 1.175888888888888850e+01
6.468000000000282625e+02 1.127888888888888985e+01
6.470000000000283080e+02 1.066444444444444528e+01
6.472000000000283535e+02 9.860000000000001208e+00
6.474000000000283990e+02 8.963333333333334707e+00
6.476000000000284444e+02 8.128888888888889497e+00
6.478000000000284899e+02 7.480000000000001315e+00
6.480000000000285354e+02 6.958888888888887791e+00
6.482000000000285809e+02 6.596333333333333826e+00
6.484000000000286263e+02 6.327999999999999403e+00
6.486000000000286718e+02 6.110000000000000320e+00
6.488000000000287173e+02 6.002999999999999226e+00
6.490000000000287628e+02 6.372626262626263305e+00
6.492000000000288082e+02 6.802525252525253308e+00
6.494000000000288537e+02 7.283434343434342928e+00
6.496000000000288992e+02 7.694141414141413726e+00
6.498000000000289447e+02 7.976262626262626831e+00
6.500000000000289901e+02 8.255050505050503418e+00
6.502000000000290356e+02 8.383636363636362887e+00
6.504000000000290811e+02 8.442727272727271526e+00
6.506000000000291266e+02 8.431818181818179880e+00
6.508000000000291720e+02 8.296767676767677457e+00
6.510000000000292175e+02 7.910666666666666735e+00
6.512000000000292630e+02 7.414444444444444393e+00
6.514000000000293085e+02 6.969888888888888800e+00
6.516000000000293539e+02 6.672555555555556239e+00
6.518000000000293994e+02 6.461111111111111249e+00
6.520000000000294449e+02 6.351111111111110930e+00
6.522000000000294904e+02 6.446666666666667211e+00
6.524000000000295358e+02 6.672222222222221610e+00
6.526000000000295813e+02 7.017777777777777892e+00
6.528000000000296268e+02 7.426666666666664973e+00
6.530000000000296723e+02 7.999999999999998224e+00
6.532000000000297177e+02 8.567777777777777715e+00
6.534000000000297632e+02 9.055555555555553582e+00
6.536000000000298087e+02 9.452222222222221859e+00
6.538000000000298542e+02 9.752222222222219017e+00
6.540000000000298996e+02 9.901111111111109864e+00
6.542000000000299451e+02 9.880000000000000782e+00
6.544000000000299906e+02 9.714444444444447768e+00
6.546000000000300361e+02 9.431111111111111001e+00
6.548000000000300815e+02 9.164444444444445281e+00
6.550000000000301270e+02 8.822222222222222854e+00
6.552000000000301725e+02 8.532222222222221930e+00
6.554000000000302180e+02 8.250000000000000000e+00
6.556000000000302634e+02 7.955555555555555713e+00
6.558000000000303089e+02 7.642222222222223138e+00
6.560000000000303544e+02 7.372222222222222676e+00
6.562000000000303999e+02 7.171111111111111214e+00
6.564000000000304453e+02 7.043333333333333890e+00
6.566000000000304908e+02 6.876666666666666927e+00
6.568000000000305363e+02 6.641111111111110965e+00
6.570000000000305818e+02 6.287777777777778354e+00
6.572000000000306272e+02 5.815555555555555145e+00
6.574000000000306727e+02 5.392222222222222250e+00
6.576000000000307182e+02 5.014444444444444926e+00
6.578000000000307637e+02 4.717777777777778070e+00
6.580000000000308091e+02 4.446666666666667211e+00
6.582000000000308546e+02 4.243333333333333179e+00
6.584000000000309001e+02 4.108888888888889035e+00
6.586000000000309456e+02 4.113333333333332398e+00
6.588000000000309910e+02 4.254444444444444251e+00
6.590000000000310365e+02 4.615555555555554967e+00
6.592000000000310820e+02 5.017777777777777004e+00
6.594000000000311275e+02 5.345555555555554506e+00
6.596000000000311729e+02 5.612222222222222001e+00
6.598000000000312184e+02 5.824444444444443647e+00
6.600000000000312639e+02 5.944444444444444642e+00
6.602000000000313094e+02 5.864444444444444571e+00
6.604000000000313548e+02 5.699166666666665826e+00
6.606000000000314003e+02 5.446309523809523157e+00
6.608000000000314458e+02 5.037420634920634299e+00
6.610000000000314913e+02 4.490309523809523640e+00
6.612000000000315367e+02 4.216393298059965211e+00
6.614000000000315822e+02 3.950386904761904461e+00
6.616000000000316277e+02 3.660759637188208071e+00
6.618000000000316732e+02 3.324589947089946929e+00
6.620000000000317186e+02 2.922841269841269796e+00
