4.300000000000000000e+02 1.441693716034567387e+03
4.301999999999999886e+02 1.450058402136688301e+03
4.303999999999999773e+02 1.458866254590209792e+03
4.305999999999999659e+02 1.468352656058979164e+03
4.307999999999999545e+02 1.478283105438224766e+03
4.309999999999999432e+02 1.488167389637080078e+03
4.311999999999999318e+02 1.497646072521604765e+03
4.313999999999999204e+02 1.506751102311355680e+03
4.315999999999999091e+02 1.515256450428561038e+03
4.317999999999998977e+02 1.523117191264730764e+03
4.319999999999998863e+02 1.530303436964652064e+03
4.321999999999998749e+02 1.545794226438335954e+03
4.323999999999998636e+02 1.560023293423982068e+03
4.325999999999998522e+02 1.572604039038017163e+03
4.327999999999998408e+02 1.583119929726276268e+03
4.329999999999998295e+02 1.591527730478156172e+03
4.331999999999998181e+02 1.598140098899208624e+03
4.333999999999998067e+02 1.603309704162366643e+03
4.335999999999997954e+02 1.607413976608187113e+03
4.337999999999997840e+02 1.610707105263157700e+03
4.339999999999997726e+02 1.613162894736842190e+03
4.341999999999997613e+02 1.614585263157894815e+03
4.343999999999997499e+02 1.614537368421052633e+03
4.345999999999997385e+02 1.612782894736842081e+03
4.347999999999997272e+02 1.609558684210526280e+03
4.349999999999997158e+02 1.605385526315789321e+03
4.351999999999997044e+02 1.600559736842104940e+03
4.353999999999996930e+02 1.595438157894736378e+03
4.355999999999996817e+02 1.590694473684210379e+03
4.357999999999996703e+02 1.586556578947368052e+03
4.359999999999996589e+02 1.583218157894736805e+03
4.361999999999996476e+02 1.581171052631578732e+03
4.363999999999996362e+02 1.580477368421052461e+03
4.365999999999996248e+02 1.581138421052631429e+03
4.367999999999996135e+02 1.583391052631578759e+03
4.369999999999996021e+02 1.587243684210526226e+03
4.371999999999995907e+02 1.592477105263157682e+03
4.373999999999995794e+02 1.598872631578946994e+03
4.375999999999995680e+02 1.606048684210526062e+03
4.377999999999995566e+02 1.613889736842105094e+03
4.379999999999995453e+02 1.622486315789473565e+03
4.381999999999995339e+02 1.631883421052631547e+03
4.383999999999995225e+02 1.642302631578947057e+03
4.385999999999995111e+02 1.653598421052631693e+03
4.387999999999994998e+02 1.665281842105262967e+03
4.389999999999994884e+02 1.676982105263157791e+03
4.391999999999994770e+02 1.688653947368420631e+03
4.393999999999994657e+02 1.699809999999999945e+03
4.395999999999994543e+02 1.709974736842105358e+03
4.397999999999994429e+02 1.719163947368421304e+03
4.399999999999994316e+02 1.727134210526316110e+03
4.401999999999994202e+02 1.733685263157894497e+03
4.403999999999994088e+02 1.738955263157894706e+03
4.405999999999993975e+02 1.743177894736842063e+03
4.407999999999993861e+02 1.746127105263157773e+03
4.409999999999993747e+02 1.747853684210526581e+03
4.411999999999993634e+02 1.748138421052631429e+03
4.413999999999993520e+02 1.747221052631578686e+03
4.415999999999993406e+02 1.745372368421052215e+03
4.417999999999993292e+02 1.742802105263157955e+03
4.419999999999993179e+02 1.739438157894737060e+03
4.421999999999993065e+02 1.735227894736842472e+03
4.423999999999992951e+02 1.729968684210526362e+03
4.425999999999992838e+02 1.723947631578947494e+03
4.427999999999992724e+02 1.717688947368421168e+03
4.429999999999992610e+02 1.711521842105263204e+03
4.431999999999992497e+02 1.705269999999999982e+03
4.433999999999992383e+02 1.699030526315789302e+03
4.435999999999992269e+02 1.692779210526315637e+03
4.437999999999992156e+02 1.686597368421052579e+03
4.439999999999992042e+02 1.680564736842105503e+03
4.441999999999991928e+02 1.674826052631578932e+03
4.443999999999991815e+02 1.669144736842104976e+03
4.445999999999991701e+02 1.663686578947368162e+03
4.447999999999991587e+02 1.658495000000000118e+03
4.449999999999991473e+02 1.653847368421052579e+03
4.451999999999991360e+02 1.649830789473684035e+03
4.453999999999991246e+02 1.646320263157894715e+03
4.455999999999991132e+02 1.643077105263158273e+03
4.457999999999991019e+02 1.640182105263157837e+03
4.459999999999990905e+02 1.637819736842105385e+03
4.461999999999990791e+02 1.636096052631578914e+03
4.463999999999990678e+02 1.635321398110251266e+03
4.465999999999990564e+02 1.635002149633881345e+03
4.467999999999990450e+02 1.634649727954531045e+03
4.469999999999990337e+02 1.634122090821449092e+03
4.471999999999990223e+02 1.633724818181236969e+03
4.473999999999990109e+02 1.633642115540065333e+03
4.475999999999989996e+02 1.633943203259896563e+03
4.477999999999989882e+02 1.634772980234380157e+03
4.479999999999989768e+02 1.636335740842233236e+03
4.481999999999989654e+02 1.640848578658067254e+03
4.483999999999989541e+02 1.643934682520395654e+03
4.485999999999989427e+02 1.647722003174704923e+03
4.487999999999989313e+02 1.652211889421305841e+03
4.489999999999989200e+02 1.657249455907387301e+03
4.491999999999989086e+02 1.662897123344509282e+03
4.493999999999988972e+02 1.669074524263270632e+03
4.495999999999988859e+02 1.675696710870432526e+03
4.497999999999988745e+02 1.682359826166266657e+03
4.499999999999988631e+02 1.689001972819351067e+03
4.501999999999988518e+02 1.695758533175283446e+03
4.503999999999988404e+02 1.702358670228122037e+03
4.505999999999988290e+02 1.709271614309163397e+03
4.507999999999988177e+02 1.716819815389019368e+03
4.509999999999988063e+02 1.724876990029752278e+03
4.511999999999987949e+02 1.733250839219860381e+03
4.513999999999987836e+02 1.741555550585150513e+03
4.515999999999987722e+02 1.749561382986628132e+03
4.517999999999987608e+02 1.757013227205315616e+03
4.519999999999987494e+02 1.763889562476970241e+03
4.521999999999987381e+02 1.774281704881051382e+03
4.523999999999987267e+02 1.779873022819274865e+03
4.525999999999987153e+02 1.784669213442476121e+03
4.527999999999987040e+02 1.788648038741446271e+03
4.529999999999986926e+02 1.791690434917183211e+03
4.531999999999986812e+02 1.793917441344247663e+03
4.533999999999986699e+02 1.795168394591354172e+03
4.535999999999986585e+02 1.795574286797339255e+03
4.537999999999986471e+02 1.795282749924857853e+03
4.539999999999986358e+02 1.794094540384984384e+03
4.541999999999986244e+02 1.791890157479056143e+03
4.543999999999986130e+02 1.788590112105902563e+03
4.545999999999986017e+02 1.784228022254908183e+03
4.547999999999985903e+02 1.778804851314190728e+03
4.549999999999985789e+02 1.772589009272878684e+03
4.551999999999985675e+02 1.766011652938543193e+03
4.553999999999985562e+02 1.759680947176568679e+03
4.555999999999985448e+02 1.753681047227729550e+03
4.557999999999985334e+02 1.747757560593464632e+03
4.559999999999985221e+02 1.741914116422587085e+03
4.561999999999985107e+02 1.736095581057747722e+03
4.563999999999984993e+02 1.730386105870691608e+03
4.565999999999984880e+02 1.724821719255611697e+03
4.567999999999984766e+02 1.719780375007993598e+03
4.569999999999984652e+02 1.715019051704290860e+03
4.571999999999984539e+02 1.710546694538594238e+03
4.573999999999984425e+02 1.706635106638101888e+03
4.575999999999984311e+02 1.703502404489352102e+03
4.577999999999984198e+02 1.701326079778729763e+03
4.579999999999984084e+02 1.699972894768817469e+03
4.581999999999983970e+02 1.699153155944234868e+03
4.583999999999983856e+02 1.698922716601649881e+03
4.585999999999983743e+02 1.699058140340218870e+03
4.587999999999983629e+02 1.699372506650891864e+03
4.589999999999983515e+02 1.699544202532455074e+03
4.591999999999983402e+02 1.699032291360235149e+03
4.593999999999983288e+02 1.697756970550617098e+03
4.595999999999983174e+02 1.695870826852976734e+03
4.597999999999983061e+02 1.693603100211037599e+03
4.599999999999982947e+02 1.691000215098804347e+03
4.601999999999982833e+02 1.688049840922171597e+03
4.603999999999982720e+02 1.684703374944042935e+03
4.605999999999982606e+02 1.680813794078147794e+03
4.607999999999982492e+02 1.676180152586812937e+03
4.609999999999982379e+02 1.671244003357420979e+03
4.611999999999982265e+02 1.665946339835006711e+03
4.613999999999982151e+02 1.660145218967832534e+03
4.615999999999982037e+02 1.653608015412163468e+03
4.617999999999981924e+02 1.646262424761782995e+03
4.619999999999981810e+02 1.638534763669501672e+03
4.621999999999981696e+02 1.630562870147726471e+03
4.623999999999981583e+02 1.622488691117221833e+03
4.625999999999981469e+02 1.614487500881100914e+03
4.627999999999981355e+02 1.606645636761685864e+03
4.629999999999981242e+02 1.599150122946296051e+03
4.631999999999981128e+02 1.592091518780961906e+03
4.633999999999981014e+02 1.585362505093188247e+03
4.635999999999980901e+02 1.578934506059830483e+03
4.637999999999980787e+02 1.572871943001592626e+03
4.639999999999980673e+02 1.567200500717267005e+03
4.641999999999980560e+02 1.562026596586039659e+03
4.643999999999980446e+02 1.558634371434546438e+03
4.645999999999980332e+02 1.555524041967122230e+03
4.647999999999980218e+02 1.552680491354660489e+03
4.649999999999980105e+02 1.549874140445410148e+03
4.651999999999979991e+02 1.547191104586634765e+03
4.653999999999979877e+02 1.544705823076759771e+03
4.655999999999979764e+02 1.542641383042773668e+03
4.657999999999979650e+02 1.540891010777419297e+03
4.659999999999979536e+02 1.539223804242374172e+03
4.661999999999979423e+02 1.537807859476357862e+03
4.663999999999979309e+02 1.536563038351474688e+03
4.665999999999979195e+02 1.535280359889704869e+03
4.667999999999979082e+02 1.534057570190376509e+03
4.669999999999978968e+02 1.532800149603433965e+03
4.671999999999978854e+02 1.532028484910917314e+03
4.673999999999978741e+02 1.531441691236719862e+03
4.675999999999978627e+02 1.531553759484271495e+03
4.677999999999978513e+02 1.532326268529769095e+03
4.679999999999978400e+02 1.532523399756986464e+03
4.681999999999978286e+02 1.534323784832451565e+03
4.683999999999978172e+02 1.535497544973545018e+03
4.685999999999978058e+02 1.538362704389574901e+03
4.687999999999977945e+02 1.540949412636232182e+03
4.689999999999977831e+02 1.543284700177012837e+03
4.691999999999977717e+02 1.545437290711884771e+03
4.693999999999977604e+02 1.547175211136767757e+03
4.695999999999977490e+02 1.548947167120955783e+03
4.697999999999977376e+02 1.550839574771831394e+03
4.699999999999977263e+02 1.552758597615821600e+03
4.701999999999977149e+02 1.554815411011978085e+03
4.703999999999977035e+02 1.557237024514623272e+03
4.705999999999976922e+02 1.559796411121482151e+03
4.707999999999976808e+02 1.562581171454777632e+03
4.709999999999976694e+02 1.565497320097481179e+03
4.711999999999976581e+02 1.568521155383554287e+03
4.713999999999976467e+02 1.571787390650659745e+03
4.715999999999976353e+02 1.575020594599423021e+03
4.717999999999976239e+02 1.578176326396656805e+03
4.719999999999976126e+02 1.581453025114417869e+03
4.721999999999976012e+02 1.587501910921528179e+03
4.723999999999975898e+02 1.593909272055845349e+03
4.725999999999975785e+02 1.600360746997056367e+03
4.727999999999975671e+02 1.606929205243812930e+03
4.729999999999975557e+02 1.613683352205131541e+03
4.731999999999975444e+02 1.620716289353558295e+03
4.733999999999975330e+02 1.628010439590261058e+03
4.735999999999975216e+02 1.635381501113895865e+03
4.737999999999975103e+02 1.642666424440731134e+03
4.739999999999974989e+02 1.649937493363037447e+03
4.741999999999974875e+02 1.657077156038243629e+03
4.743999999999974762e+02 1.664065936554348809e+03
4.745999999999974648e+02 1.670789105678290525e+03
4.747999999999974534e+02 1.677234378555472404e+03
4.749999999999974420e+02 1.683451859184127215e+03
4.751999999999974307e+02 1.689449315779319249e+03
4.753999999999974193e+02 1.695072893911156598e+03
4.755999999999974079e+02 1.700743601345697243e+03
4.757999999999973966e+02 1.706294454818113081e+03
4.759999999999973852e+02 1.711252482990395492e+03
4.761999999999973738e+02 1.715312528312033010e+03
4.763999999999973625e+02 1.717970107286298798e+03
4.765999999999973511e+02 1.720461639799656723e+03
4.767999999999973397e+02 1.722837106710734588e+03
4.769999999999973284e+02 1.725032626532248742e+03
4.771999999999973170e+02 1.726910869210747023e+03
4.773999999999973056e+02 1.728584092838648530e+03
4.775999999999972943e+02 1.730108093096777793e+03
4.777999999999972829e+02 1.731643992311880311e+03
4.779999999999972715e+02 1.733116066007701193e+03
4.781999999999972601e+02 1.733058031690426787e+03
4.783999999999972488e+02 1.732801162944487942e+03
4.785999999999972374e+02 1.732329803352091176e+03
4.787999999999972260e+02 1.731459996174519119e+03
4.789999999999972147e+02 1.730346779684219428e+03
4.791999999999972033e+02 1.728639592617787912e+03
4.793999999999971919e+02 1.726693435493827337e+03
4.795999999999971806e+02 1.724174701041641811e+03
4.797999999999971692e+02 1.721013704568978710e+03
4.799999999999971578e+02 1.718030314055657982e+03
4.801999999999971465e+02 1.715839341346106266e+03
4.803999999999971351e+02 1.715449784689638136e+03
4.805999999999971237e+02 1.714874615766893385e+03
4.807999999999971124e+02 1.714116543750498295e+03
4.809999999999971010e+02 1.713102774903540649e+03
4.811999999999970896e+02 1.712007377584804999e+03
4.813999999999970782e+02 1.710811457885114123e+03
4.815999999999970669e+02 1.709406261845651443e+03
4.817999999999970555e+02 1.707648006998674418e+03
4.819999999999970441e+02 1.705813985693575205e+03
4.821999999999970328e+02 1.703182483747506240e+03
4.823999999999970214e+02 1.700318519387531978e+03
4.825999999999970100e+02 1.697357303186535773e+03
4.827999999999969987e+02 1.694269507107663230e+03
4.829999999999969873e+02 1.691085116592022359e+03
4.831999999999969759e+02 1.687953831313702949e+03
4.833999999999969646e+02 1.684665857292422970e+03
4.835999999999969532e+02 1.681339604846220027e+03
4.837999999999969418e+02 1.677936913580246710e+03
4.839999999999969305e+02 1.674262350357374544e+03
4.841999999999969191e+02 1.670054207797270919e+03
4.843999999999969077e+02 1.665670737102014300e+03
4.845999999999968963e+02 1.661391733627536041e+03
4.847999999999968850e+02 1.657247785167879101e+03
4.849999999999968736e+02 1.653372496536868539e+03
4.851999999999968622e+02 1.649577140091124875e+03
4.853999999999968509e+02 1.645958368785546099e+03
4.855999999999968395e+02 1.642664608414176200e+03
4.857999999999968281e+02 1.639779138095245798e+03
4.859999999999968168e+02 1.637053104729423922e+03
4.861999999999968054e+02 1.634299852724875336e+03
4.863999999999967940e+02 1.632760606028236452e+03
4.865999999999967827e+02 1.631216020066120336e+03
4.867999999999967713e+02 1.629736685199391104e+03
4.869999999999967599e+02 1.628173989151708383e+03
4.871999999999967486e+02 1.626557384876399055e+03
4.873999999999967372e+02 1.624929233169575355e+03
4.875999999999967258e+02 1.623064706296379882e+03
4.877999999999967145e+02 1.621389116681377118e+03
4.879999999999967031e+02 1.620009736007541505e+03
4.881999999999966917e+02 1.619186823968269664e+03
4.883999999999966803e+02 1.618708110235482764e+03
4.885999999999966690e+02 1.618247559114369324e+03
4.887999999999966576e+02 1.617799690652961090e+03
4.889999999999966462e+02 1.617198932690800348e+03
4.891999999999966349e+02 1.616704861451182751e+03
4.893999999999966235e+02 1.616055747669357515e+03
4.895999999999966121e+02 1.614860089643347237e+03
4.897999999999966008e+02 1.613145127777777816e+03
4.899999999999965894e+02 1.609843341975308704e+03
4.901999999999965780e+02 nan
4.903999999999965667e+02 nan
4.905999999999965553e+02 nan
4.907999999999965439e+02 nan
4.909999999999965326e+02 nan
4.911999999999965212e+02 nan
4.913999999999965098e+02 nan
4.915999999999964984e+02 nan
4.917999999999964871e+02 nan
4.919999999999964757e+02 nan
4.921999999999964643e+02 nan
4.923999999999964530e+02 nan
4.925999999999964416e+02 nan
4.927999999999964302e+02 nan
4.929999999999964189e+02 nan
4.931999999999964075e+02 nan
4.933999999999963961e+02 nan
4.935999999999963848e+02 nan
4.937999999999963734e+02 nan
4.939999999999963620e+02 nan
4.941999999999963507e+02 nan
4.943999999999963393e+02 nan
4.945999999999963279e+02 nan
4.947999999999963165e+02 nan
4.949999999999963052e+02 nan
4.951999999999962938e+02 nan
4.953999999999962824e+02 nan
4.955999999999962711e+02 nan
4.957999999999962597e+02 nan
4.959999999999962483e+02 nan
4.961999999999962370e+02 nan
4.963999999999962256e+02 nan
4.965999999999962142e+02 nan
4.967999999999962029e+02 nan
4.969999999999961915e+02 nan
4.971999999999961801e+02 nan
4.973999999999961688e+02 nan
4.975999999999961574e+02 nan
4.977999999999961460e+02 nan
4.979999999999961346e+02 nan
4.981999999999961233e+02 nan
4.983999999999961119e+02 nan
4.985999999999961005e+02 nan
4.987999999999960892e+02 nan
4.989999999999960778e+02 nan
4.991999999999960664e+02 nan
4.993999999999960551e+02 nan
4.995999999999960437e+02 nan
4.997999999999960323e+02 nan
4.999999999999960210e+02 nan
5.001999999999960096e+02 nan
5.003999999999959982e+02 nan
5.005999999999959869e+02 nan
5.007999999999959755e+02 nan
5.009999999999959641e+02 nan
5.011999999999959527e+02 nan
5.013999999999959414e+02 nan
5.015999999999959300e+02 nan
5.017999999999959186e+02 nan
5.019999999999959073e+02 nan
5.021999999999958959e+02 nan
5.023999999999958845e+02 nan
5.025999999999958732e+02 nan
5.027999999999958618e+02 nan
5.029999999999958504e+02 nan
5.031999999999958391e+02 nan
5.033999999999958277e+02 nan
5.035999999999958163e+02 nan
5.037999999999958050e+02 nan
5.039999999999957936e+02 nan
5.041999999999957822e+02 nan
5.043999999999957708e+02 nan
5.045999999999957595e+02 nan
5.047999999999957481e+02 nan
5.049999999999957367e+02 nan
5.051999999999957254e+02 nan
5.053999999999957140e+02 nan
5.055999999999957026e+02 nan
5.057999999999956913e+02 nan
5.059999999999956799e+02 nan
5.061999999999956685e+02 nan
5.063999999999956572e+02 nan
5.065999999999956458e+02 nan
5.067999999999956344e+02 nan
5.069999999999956231e+02 nan
5.071999999999956117e+02 nan
5.073999999999956003e+02 nan
5.075999999999955890e+02 nan
5.077999999999955776e+02 nan
5.079999999999955662e+02 nan
5.081999999999955548e+02 1.557553149999999960e+03
5.083999999999955435e+02 1.571138597727272781e+03
5.085999999999955321e+02 1.585102634595959671e+03
5.087999999999955207e+02 1.594847447100815771e+03
5.089999999999955094e+02 1.597443707680652551e+03
5.091999999999954980e+02 1.602318617511655020e+03
5.093999999999954866e+02 1.611950779295704251e+03
5.095999999999954753e+02 1.617544920854329575e+03
5.097999999999954639e+02 1.620214621006317429e+03
5.099999999999954525e+02 1.625410193116211985e+03
5.101999999999954412e+02 1.632120096612824454e+03
5.103999999999954298e+02 1.637994753035439999e+03
5.105999999999954184e+02 1.643316628308017471e+03
5.107999999999954071e+02 1.646085128541655195e+03
5.109999999999953957e+02 1.647303888305544888e+03
5.111999999999953843e+02 1.648530949562764363e+03
5.113999999999953729e+02 1.650472980393437410e+03
5.115999999999953616e+02 1.652988234406667516e+03
5.117999999999953502e+02 1.654475188828477030e+03
5.119999999999953388e+02 1.654659921887053542e+03
5.121999999999952706e+02 1.660134730176526773e+03
5.123999999999953161e+02 1.665318800272220642e+03
5.125999999999953616e+02 1.668403756960817645e+03
5.127999999999952934e+02 1.669819750887942746e+03
5.129999999999952252e+02 1.672171910756364014e+03
5.131999999999952706e+02 1.674510498475662189e+03
5.133999999999953161e+02 1.673482075449346212e+03
5.135999999999952479e+02 1.671825564071637473e+03
5.137999999999951797e+02 1.671149759539473507e+03
5.139999999999952252e+02 1.671009058223684406e+03
5.141999999999952706e+02 1.669551347697368328e+03
5.143999999999952024e+02 1.666561960855263123e+03
5.145999999999951342e+02 1.661936513486842159e+03
5.147999999999951797e+02 1.659598346381579177e+03
5.149999999999952252e+02 1.656156942500000241e+03
5.151999999999951569e+02 1.654323959605263326e+03
5.153999999999950887e+02 1.648448871447368674e+03
5.155999999999951342e+02 1.643198241184210474e+03
5.157999999999951797e+02 1.637014039868420923e+03
5.159999999999951115e+02 1.633589153947368231e+03
5.161999999999950433e+02 1.628560813157894472e+03
5.163999999999950887e+02 1.622648094736842268e+03
5.165999999999951342e+02 1.617116165789473598e+03
5.167999999999950660e+02 1.612125473684210647e+03
5.169999999999949978e+02 1.607059860526315788e+03
5.171999999999950433e+02 1.601543361842105242e+03
5.173999999999950887e+02 1.597756361842105207e+03
5.175999999999950205e+02 1.593613984576023313e+03
5.177999999999949523e+02 1.591082364761781719e+03
5.179999999999949978e+02 1.587421538034808009e+03
5.181999999999950433e+02 1.581316960315509732e+03
5.183999999999949750e+02 1.575802930616261847e+03
5.185999999999949068e+02 1.572239679098043098e+03
5.187999999999949523e+02 1.565467112541025472e+03
5.189999999999949978e+02 1.559464576536240884e+03
5.191999999999949296e+02 1.551845051009925101e+03
5.193999999999948614e+02 1.547421733829342884e+03
5.195999999999949068e+02 1.540667834858092874e+03
5.197999999999949523e+02 1.539729584455472377e+03
5.199999999999948841e+02 1.536791787565855884e+03
5.201999999999948159e+02 1.534936118038722270e+03
5.203999999999948614e+02 1.532588453978145935e+03
5.205999999999949068e+02 1.530338253322449191e+03
5.207999999999948386e+02 1.528626740420128044e+03
5.209999999999947704e+02 1.526548995104261166e+03
5.211999999999948159e+02 1.523222999443883509e+03
5.213999999999948614e+02 1.518201770440903147e+03
5.215999999999947931e+02 1.515699062835571340e+03
5.217999999999947249e+02 1.507983478778253129e+03
5.219999999999947704e+02 1.495389721282288974e+03
5.221999999999948159e+02 1.486625780384892778e+03
5.223999999999947477e+02 1.477441407890442861e+03
5.225999999999946795e+02 1.460950471401515188e+03
5.227999999999947249e+02 1.447980309090909032e+03
5.229999999999947704e+02 1.434226599999999962e+03
5.231999999999947022e+02 1.390566499999999905e+03
5.233999999999946340e+02 1.342733500000000049e+03
5.235999999999946795e+02 1.288267000000000053e+03
5.237999999999947249e+02 1.310555666666666866e+03
5.239999999999946567e+02 1.348200000000000045e+03
5.241999999999945885e+02 1.366839999999999918e+03
5.243999999999946340e+02 1.367877833333333228e+03
5.245999999999946795e+02 1.356685714285714084e+03
5.247999999999946112e+02 1.351175000000000182e+03
5.249999999999945430e+02 1.352074111111111279e+03
5.251999999999945885e+02 1.350546700000000101e+03
5.253999999999946340e+02 1.347994000000000142e+03
5.255999999999945658e+02 1.345583416666666608e+03
5.257999999999944976e+02 1.338717999999999847e+03
5.259999999999945430e+02 1.340047642857142591e+03
5.261999999999945885e+02 1.349111133333333328e+03
5.263999999999945203e+02 1.357674999999999955e+03
5.265999999999944521e+02 1.366282352941176441e+03
5.267999999999944976e+02 1.378340722222222212e+03
5.269999999999945430e+02 1.391835052631578947e+03
5.271999999999944748e+02 1.400196650000000318e+03
5.273999999999944066e+02 1.412819950000000517e+03
5.275999999999944521e+02 1.427986600000000180e+03
5.277999999999944976e+02 1.444456600000000208e+03
5.279999999999944293e+02 1.453176600000000008e+03
5.281999999999943611e+02 1.471368190476190193e+03
5.283999999999944066e+02 1.485678727272727201e+03
5.285999999999944521e+02 1.503765173913043327e+03
5.287999999999943839e+02 1.529630541666666659e+03
5.289999999999943157e+02 1.545917320000000245e+03
5.291999999999943611e+02 1.565043576923076898e+03
5.293999999999944066e+02 1.579157999999999902e+03
5.295999999999943384e+02 1.593740428571428765e+03
5.297999999999942702e+02 1.607726413793103347e+03
5.299999999999943157e+02 1.621633333333333439e+03
5.301999999999943611e+02 1.632348387096774331e+03
5.303999999999942929e+02 1.642635437500000080e+03
5.305999999999942247e+02 1.645248515151515221e+03
5.307999999999942702e+02 1.648127470588235383e+03
5.309999999999943157e+02 1.645175257142857390e+03
5.311999999999942474e+02 1.652303722222222632e+03
5.313999999999941792e+02 1.655028837837837955e+03
5.315999999999942247e+02 1.657361421052631385e+03
5.317999999999942702e+02 1.658629102564102595e+03
5.319999999999942020e+02 1.661378400000000056e+03
5.321999999999941338e+02 1.668965075000000070e+03
5.323999999999941792e+02 1.673906725000000051e+03
5.325999999999942247e+02 1.676366724999999860e+03
5.327999999999941565e+02 1.676288375000000087e+03
5.329999999999940883e+02 1.678580024999999978e+03
5.331999999999941338e+02 1.675678375000000187e+03
5.333999999999941792e+02 1.680718374999999924e+03
5.335999999999941110e+02 1.682985050000000001e+03
5.337999999999940428e+02 1.680971699999999601e+03
5.339999999999940883e+02 1.678795025000000123e+03
5.341999999999941338e+02 1.675480025000000069e+03
5.343999999999940655e+02 1.675070025000000214e+03
5.345999999999939973e+02 1.673265000000000100e+03
5.347999999999940428e+02 1.667616674999999987e+03
5.349999999999940883e+02 1.670140024999999923e+03
5.351999999999940201e+02 1.666846675000000005e+03
5.353999999999939519e+02 1.670655025000000023e+03
5.355999999999939973e+02 1.670613350000000082e+03
5.357999999999940428e+02 1.669914999999999736e+03
5.359999999999939746e+02 1.664786650000000009e+03
5.361999999999939064e+02 1.657046649999999772e+03
5.363999999999939519e+02 1.649804999999999836e+03
5.365999999999939973e+02 1.649773324999999659e+03
5.367999999999939291e+02 1.648599974999999858e+03
5.369999999999938609e+02 1.651578299999999899e+03
5.371999999999939064e+02 1.659534949999999981e+03
5.373999999999939519e+02 1.659721600000000080e+03
5.375999999999938836e+02 1.663244924999999739e+03
5.377999999999938154e+02 1.666189949999999953e+03
5.379999999999938609e+02 1.665751625000000104e+03
5.381999999999939064e+02 1.661866634146341312e+03
5.383999999999938382e+02 1.657095902439024485e+03
5.385999999999937700e+02 1.663902414634146226e+03
5.387999999999938154e+02 1.673081292682927142e+03
5.389999999999938609e+02 1.674599975609756257e+03
5.391999999999937927e+02 1.673882902439024519e+03
5.393999999999937245e+02 1.668577219512195143e+03
5.395999999999937700e+02 1.667627634146341734e+03
5.397999999999938154e+02 1.665721951219512448e+03
5.399999999999937472e+02 1.668850414634146318e+03
5.401999999999936790e+02 1.672000000000000000e+03
5.403999999999937245e+02 1.678417878048780494e+03
5.405999999999937700e+02 1.674895926829268546e+03
5.407999999999937017e+02 1.668596756097561183e+03
5.409999999999936335e+02 1.662216292682926451e+03
5.411999999999936790e+02 1.656074829268292660e+03
5.413999999999937245e+02 1.650024439024390176e+03
5.415999999999936563e+02 1.637053707317073304e+03
5.417999999999935881e+02 1.627813048780487861e+03
5.419999999999936335e+02 1.620549634146341532e+03
5.421999999999936790e+02 1.616845025000000078e+03
5.423999999999936108e+02 1.612108349999999973e+03
5.425999999999935426e+02 1.602461700000000064e+03
5.427999999999935881e+02 1.590676699999999983e+03
5.429999999999936335e+02 1.580931724999999915e+03
5.431999999999935653e+02 1.568531725000000051e+03
5.433999999999934971e+02 1.558996700000000146e+03
5.435999999999935426e+02 1.546216675000000123e+03
5.437999999999935881e+02 1.533358325000000150e+03
5.439999999999935199e+02 1.520826650000000200e+03
5.441999999999934516e+02 1.502968325000000277e+03
5.443999999999934971e+02 1.488368324999999913e+03
5.445999999999935426e+02 1.481173325000000204e+03
5.447999999999934744e+02 1.472460000000000036e+03
5.449999999999934062e+02 1.461986675000000105e+03
5.451999999999934516e+02 1.447745000000000118e+03
5.453999999999934971e+02 1.436628325000000132e+03
5.455999999999934289e+02 1.430415000000000191e+03
5.457999999999933607e+02 1.427003324999999904e+03
5.459999999999934062e+02 1.420376649999999927e+03
5.461999999999934516e+02 1.410789975000000140e+03
5.463999999999933834e+02 1.400304974999999786e+03
5.465999999999933152e+02 1.387241625000000113e+03
5.467999999999933607e+02 1.372013275000000021e+03
5.469999999999934062e+02 1.357514924999999948e+03
5.471999999999933380e+02 1.345816600000000108e+03
5.473999999999932697e+02 1.331531625000000076e+03
5.475999999999933152e+02 1.317599975000000086e+03
5.477999999999933607e+02 1.304995000000000118e+03
5.479999999999932925e+02 1.290583325000000059e+03
5.481999999999932243e+02 1.278599974999999858e+03
5.483999999999932697e+02 1.267309975000000122e+03
5.485999999999933152e+02 1.251091649999999845e+03
5.487999999999932470e+02 1.235266624999999976e+03
5.489999999999931788e+02 1.220506599999999935e+03
5.491999999999932243e+02 1.205498274999999921e+03
5.493999999999932697e+02 1.188663275000000112e+03
5.495999999999932015e+02 1.175158275000000231e+03
5.497999999999931333e+02 1.162799950000000081e+03
5.499999999999931788e+02 1.148464950000000044e+03
5.501999999999932243e+02 1.135304974999999786e+03
5.503999999999931561e+02 1.125144974999999931e+03
5.505999999999930878e+02 1.115939975000000004e+03
5.507999999999931333e+02 1.108804999999999836e+03
5.509999999999931788e+02 1.101003349999999955e+03
5.511999999999931106e+02 1.095273349999999937e+03
5.513999999999930424e+02 1.089620000000000118e+03
5.515999999999930878e+02 1.086208350000000110e+03
5.517999999999931333e+02 1.080959999999999809e+03
5.519999999999930651e+02 1.073271674999999959e+03
5.521999999999929969e+02 1.065895024999999805e+03
5.523999999999930424e+02 1.055516674999999850e+03
5.525999999999930878e+02 1.046283324999999877e+03
5.527999999999930196e+02 1.038768349999999828e+03
5.529999999999929514e+02 1.028781675000000178e+03
5.531999999999929969e+02 1.019875025000000051e+03
5.533999999999930424e+02 1.011278375000000096e+03
5.535999999999929742e+02 9.982783750000000964e+02
5.537999999999929059e+02 9.824366999999999734e+02
5.539999999999929514e+02 9.697333750000000236e+02
5.541999999999929969e+02 9.548516999999999371e+02
5.543999999999929287e+02 9.381367000000000189e+02
5.545999999999928605e+02 9.224300500000001648e+02
5.547999999999929059e+02 9.084617000000000644e+02
5.549999999999929514e+02 8.930000000000000000e+02
5.551999999999928832e+02 8.748066750000000411e+02
5.553999999999928150e+02 8.585133499999999458e+02
5.555999999999928605e+02 8.423616500000000542e+02
5.557999999999929059e+02 8.257433250000000271e+02
5.559999999999928377e+02 8.123183249999999589e+02
5.561999999999927695e+02 7.982383250000000317e+02
5.563999999999928150e+02 7.848033499999999094e+02
5.565999999999928605e+02 7.733700500000001057e+02
5.567999999999927923e+02 7.613000500000000557e+02
5.569999999999927240e+02 7.495667499999999563e+02
5.571999999999927695e+02 7.379483999999999924e+02
5.573999999999928150e+02 7.296584000000000287e+02
5.575999999999927468e+02 7.214650750000000698e+02
5.577999999999926786e+02 7.142434000000000651e+02
5.579999999999927240e+02 7.072484000000000606e+02
5.581999999999927695e+02 7.015350500000000693e+02
5.583999999999927013e+02 6.976211052631579150e+02
5.585999999999926331e+02 6.937426388888887914e+02
5.587999999999926786e+02 6.888980882352940398e+02
5.589999999999927240e+02 6.868771562499999845e+02
5.591999999999926558e+02 6.867067333333332044e+02
5.593999999999925876e+02 6.851214999999999691e+02
5.595999999999926331e+02 6.830590769230767592e+02
5.597999999999926786e+02 6.819778750000000400e+02
5.599999999999926104e+02 6.801122272727271820e+02
5.601999999999925421e+02 6.807400999999999840e+02
5.603999999999925876e+02 6.818075000000000045e+02
5.605999999999926331e+02 6.807375625000000809e+02
5.607999999999925649e+02 6.805667142857142835e+02
5.609999999999924967e+02 6.800666666666666060e+02
5.611999999999925421e+02 6.821399999999999864e+02
5.613999999999925876e+02 6.731666250000000673e+02
5.615999999999925194e+02 6.692443333333333157e+02
5.617999999999924512e+02 6.636832500000000437e+02
5.619999999999924967e+02 6.506330000000000382e+02
5.621999999999925421e+02 nan
5.623999999999924739e+02 nan
5.625999999999924057e+02 nan
5.627999999999924512e+02 nan
5.629999999999924967e+02 nan
5.631999999999924285e+02 nan
5.633999999999923602e+02 nan
5.635999999999924057e+02 nan
5.637999999999924512e+02 nan
5.639999999999923830e+02 nan
5.641999999999923148e+02 5.874249999999999545e+02
5.643999999999923602e+02 5.728250000000000455e+02
5.645999999999924057e+02 5.828500000000000227e+02
5.647999999999923375e+02 5.940874999999998636e+02
5.649999999999922693e+02 6.043199999999999363e+02
5.651999999999923148e+02 6.048833333333333258e+02
5.653999999999923602e+02 6.041607142857143344e+02
5.655999999999922920e+02 6.048562500000000455e+02
5.657999999999922238e+02 6.027416666666666742e+02
5.659999999999922693e+02 6.081800000000000637e+02
5.661999999999923148e+02 6.082295454545454731e+02
5.663999999999922466e+02 6.086083333333333485e+02
5.665999999999921783e+02 6.143538461538462343e+02
5.667999999999922238e+02 6.136053571428572013e+02
5.669999999999922693e+02 6.171133333333332303e+02
5.671999999999922011e+02 6.195578124999999545e+02
5.673999999999921329e+02 6.229073529411764412e+02
5.675999999999921783e+02 6.238374999999999773e+02
5.677999999999922238e+02 6.232315789473683481e+02
5.679999999999921556e+02 6.229787499999999909e+02
5.681999999999920874e+02 6.238637499999999818e+02
5.683999999999921329e+02 6.295699999999999363e+02
5.685999999999921783e+02 6.297337500000001000e+02
5.687999999999921101e+02 6.273262500000000728e+02
5.689999999999920419e+02 6.269562500000001819e+02
5.691999999999920874e+02 6.298637500000000955e+02
5.693999999999921329e+02 6.318437500000001137e+02
5.695999999999920647e+02 6.326524999999999181e+02
5.697999999999919964e+02 6.336712499999999864e+02
5.699999999999920419e+02 6.312312500000000455e+02
5.701999999999920874e+02 6.368187500000000227e+02
5.703999999999920192e+02 6.411187499999999773e+02
5.705999999999919510e+02 6.399750000000000227e+02
5.707999999999919964e+02 6.416224999999999454e+02
5.709999999999920419e+02 6.404125000000000227e+02
5.711999999999919737e+02 6.359900000000000091e+02
5.713999999999919055e+02 6.306887500000000273e+02
5.715999999999919510e+02 6.280662500000000819e+02
5.717999999999919964e+02 6.268087499999999181e+02
5.719999999999919282e+02 6.265674999999999955e+02
5.721999999999918600e+02 6.269449999999999363e+02
5.723999999999919055e+02 6.229925000000000637e+02
5.725999999999919510e+02 6.232200000000000273e+02
5.727999999999918828e+02 6.251212499999999181e+02
5.729999999999918145e+02 6.228700000000000045e+02
5.731999999999918600e+02 6.191112500000000409e+02
5.733999999999919055e+02 6.154250000000000682e+02
5.735999999999918373e+02 6.107387500000000955e+02
5.737999999999917691e+02 6.070099999999999909e+02
5.739999999999918145e+02 6.042324999999999591e+02
5.741999999999918600e+02 5.965299999999999727e+02
5.743999999999917918e+02 5.888287500000000136e+02
5.745999999999917236e+02 5.845150000000001000e+02
5.747999999999917691e+02 5.831212499999999181e+02
5.749999999999918145e+02 5.822224999999999682e+02
5.751999999999917463e+02 5.795312500000000000e+02
5.753999999999916781e+02 5.794624999999999773e+02
5.755999999999917236e+02 5.802312499999999318e+02
5.757999999999917691e+02 5.763149999999999409e+02
5.759999999999917009e+02 5.716874999999998863e+02
5.761999999999916326e+02 5.680937500000000000e+02
5.763999999999916781e+02 5.677949999999999591e+02
5.765999999999917236e+02 5.650062500000000227e+02
5.767999999999916554e+02 5.666625000000000227e+02
5.769999999999915872e+02 5.644299999999999500e+02
5.771999999999916326e+02 5.603824999999999363e+02
5.773999999999916781e+02 5.590137499999998454e+02
5.775999999999916099e+02 5.590437500000000455e+02
5.777999999999915417e+02 5.593187500000000227e+02
5.779999999999915872e+02 5.561962500000000773e+02
5.781999999999916326e+02 5.380959563492064035e+02
5.783999999999915644e+02 5.320429068880662271e+02
5.785999999999914962e+02 5.274227106437041357e+02
5.787999999999915417e+02 5.253291153482003892e+02
5.789999999999915872e+02 5.211153109903658560e+02
5.791999999999915190e+02 5.208003204289344694e+02
5.793999999999914507e+02 5.205145482626541025e+02
5.795999999999914962e+02 5.180206032150784949e+02
5.797999999999915417e+02 5.179042871107326391e+02
5.799999999999914735e+02 5.175781915523415364e+02
5.801999999999914053e+02 5.157886923065562996e+02
5.803999999999914507e+02 5.114585685999132920e+02
5.805999999999914962e+02 5.092370559818835432e+02
5.807999999999914280e+02 5.057520854691117052e+02
5.809999999999913598e+02 5.054818177923883695e+02
5.811999999999914053e+02 5.052987316973643033e+02
5.813999999999914507e+02 5.034790819079797757e+02
5.815999999999913825e+02 5.016623418795239786e+02
5.817999999999913143e+02 5.012945141346505693e+02
5.819999999999913598e+02 5.007978550166531591e+02
5.821999999999914053e+02 5.017754996329327923e+02
5.823999999999913371e+02 5.008684711681004273e+02
5.825999999999912689e+02 4.978504251745107467e+02
5.827999999999913143e+02 4.944387383155362841e+02
5.829999999999913598e+02 4.926093071689530802e+02
5.831999999999912916e+02 4.912187290465379306e+02
5.833999999999912234e+02 4.892255102382627001e+02
5.835999999999912689e+02 4.881769834471617173e+02
5.837999999999913143e+02 4.855362610661268263e+02
5.839999999999912461e+02 4.839876721153844983e+02
5.841999999999911779e+02 4.841207128205127219e+02
5.843999999999912234e+02 4.859185333333333006e+02
5.845999999999912689e+02 4.853416221153846095e+02
5.847999999999912006e+02 4.849176435897435908e+02
5.849999999999911324e+02 4.834395548076923887e+02
5.851999999999911779e+02 4.818964535256410500e+02
5.853999999999912234e+02 4.820783766025641057e+02
5.855999999999911552e+02 4.831814814102564810e+02
5.857999999999910870e+02 4.829938733974358911e+02
5.859999999999911324e+02 4.841854641025640262e+02
5.861999999999911779e+02 4.838767301282050539e+02
5.863999999999911097e+02 4.832883006410256712e+02
5.865999999999910415e+02 4.846482288461538701e+02
5.867999999999910870e+02 4.864403323717948524e+02
5.869999999999911324e+02 4.863744788461537496e+02
5.871999999999910642e+02 4.844592544871795212e+02
5.873999999999909960e+02 4.822942865384615061e+02
5.875999999999910415e+02 4.805806125000000293e+02
5.877999999999910870e+02 4.804196467948717100e+02
5.879999999999910187e+02 4.799465817307692532e+02
5.881999999999909505e+02 4.763973391025641604e+02
5.883999999999909960e+02 4.732246830128204351e+02
5.885999999999910415e+02 4.717487535256410638e+02
5.887999999999909733e+02 4.699566743589742828e+02
5.889999999999909051e+02 4.663163217948717829e+02
5.891999999999909505e+02 4.633081487179487112e+02
5.893999999999909960e+02 4.594637375000000361e+02
5.895999999999909278e+02 4.548182044871794574e+02
5.897999999999908596e+02 4.496918464743590675e+02
5.899999999999909051e+02 4.443015141025641128e+02
5.901999999999909505e+02 4.401670227564101765e+02
5.903999999999908823e+02 4.360542663461537813e+02
5.905999999999908141e+02 4.306224032051281938e+02
5.907999999999908596e+02 4.244556842948718440e+02
5.909999999999909051e+02 4.195009330128204965e+02
5.911999999999908368e+02 4.172125878205127947e+02
5.913999999999907686e+02 4.144321349358973521e+02
5.915999999999908141e+02 4.087879682692308165e+02
5.917999999999908596e+02 4.034376477564102288e+02
5.919999999999907914e+02 3.970329362179487589e+02
5.921999999999907232e+02 3.917231926282050836e+02
5.923999999999907686e+02 3.855127397435897478e+02
5.925999999999908141e+02 3.807345304487179192e+02
5.927999999999907459e+02 3.743632762820512880e+02
5.929999999999906777e+02 3.698250349358974631e+02
5.931999999999907232e+02 3.642662473420887750e+02
5.933999999999907686e+02 3.610971299249531512e+02
5.935999999999907004e+02 3.579240025015634501e+02
5.937999999999906322e+02 3.549301858974358765e+02
5.939999999999906777e+02 3.510500262664165234e+02
5.941999999999907232e+02 3.475409427767353918e+02
5.943999999999906549e+02 3.442245303314572311e+02
5.945999999999905867e+02 3.415494640400249864e+02
5.947999999999906322e+02 3.384269186991870129e+02
5.949999999999906777e+02 3.354712781425891421e+02
5.951999999999906095e+02 3.311049282363977113e+02
5.953999999999905413e+02 3.269510390869293133e+02
5.955999999999905867e+02 3.243355139149468300e+02
5.957999999999906322e+02 3.215121516572858127e+02
5.959999999999905640e+02 3.182851661976234823e+02
5.961999999999904958e+02 3.159588644465290486e+02
5.963999999999905413e+02 3.140509412437272090e+02
5.965999999999905867e+02 3.105036394107362980e+02
5.967999999999905185e+02 3.088468014873015477e+02
5.969999999999904503e+02 3.070357971284785208e+02
5.971999999999904958e+02 3.044085060708372339e+02
5.973999999999905413e+02 3.007196876438938489e+02
5.975999999999904730e+02 2.966675328362015307e+02
5.977999999999904048e+02 2.925881214161903472e+02
5.979999999999904503e+02 2.889860352252978828e+02
5.981999999999904958e+02 2.860832218120511357e+02
5.983999999999904276e+02 2.832180384292139479e+02
5.985999999999903594e+02 2.810956604796340912e+02
5.987999999999904048e+02 2.782163485784789145e+02
5.989999999999904503e+02 2.751479078739362194e+02
5.991999999999903821e+02 2.715955893359084143e+02
5.993999999999903139e+02 2.683968688874586519e+02
5.995999999999903594e+02 2.660413778709781241e+02
5.997999999999904048e+02 2.632956320321243879e+02
5.999999999999903366e+02 2.615323423299409455e+02
6.001999999999902684e+02 2.593045110399519899e+02
6.003999999999903139e+02 2.568198579871749416e+02
6.005999999999903594e+02 2.536101764882959060e+02
6.007999999999902911e+02 2.498217988614122191e+02
6.009999999999902229e+02 2.462636122101836236e+02
6.011999999999902684e+02 2.432050316388892384e+02
6.013999999999903139e+02 2.404450381636556813e+02
6.015999999999902457e+02 2.370669031076813553e+02
6.017999999999901775e+02 2.332298101278566378e+02
6.019999999999902229e+02 2.296606707317073131e+02
6.021999999999902684e+02 2.257003750000000366e+02
6.023999999999902002e+02 2.236889000000000181e+02
6.025999999999901320e+02 2.211756624999999872e+02
6.027999999999901775e+02 2.188993250000000046e+02
6.029999999999902229e+02 2.166881874999999980e+02
6.031999999999901547e+02 2.152761125000000106e+02
6.033999999999900865e+02 2.143358289473683840e+02
6.035999999999901320e+02 2.130487083333333089e+02
6.037999999999901775e+02 2.117990000000000066e+02
6.039999999999901092e+02 2.098799375000000111e+02
6.041999999999900410e+02 2.087531833333333395e+02
6.043999999999900865e+02 2.070795892857142917e+02
6.045999999999901320e+02 2.065280192307691891e+02
6.047999999999900638e+02 2.059008541666666758e+02
6.049999999999899956e+02 2.043715909090909122e+02
6.051999999999900410e+02 2.014781250000000057e+02
6.053999999999900865e+02 1.983587777777778172e+02
6.055999999999900183e+02 1.977606562500000109e+02
6.057999999999899501e+02 1.990600714285714332e+02
6.059999999999899956e+02 1.989912916666666831e+02
6.061999999999900410e+02 2.003262500000000159e+02
6.063999999999899728e+02 2.001880625000000009e+02
6.065999999999899046e+02 1.970882499999999879e+02
6.067999999999899501e+02 2.006968749999999773e+02
6.069999999999899956e+02 2.037750000000000057e+02
6.071999999999899273e+02 2.074749999999999943e+02
6.073999999999898591e+02 2.042437499999999773e+02
6.075999999999899046e+02 1.948125000000000000e+02
6.077999999999899501e+02 1.935468750000000000e+02
6.079999999999898819e+02 1.964825000000000159e+02
6.081999999999898137e+02 1.937958333333333201e+02
6.083999999999898591e+02 1.959839285714285779e+02
6.085999999999899046e+02 1.944203124999999943e+02
6.087999999999898364e+02 1.933499999999999943e+02
6.089999999999897682e+02 1.902512499999999704e+02
6.091999999999898137e+02 1.884397727272727252e+02
6.093999999999898591e+02 1.880302083333333201e+02
6.095999999999897909e+02 1.880302083333333201e+02
6.097999999999897227e+02 1.880302083333333201e+02
6.099999999999897682e+02 1.880302083333333201e+02
6.101999999999898137e+02 1.866878846153845757e+02
6.103999999999897454e+02 1.856113690476190357e+02
6.105999999999896772e+02 1.846163253968253741e+02
6.107999999999897227e+02 1.837449925595238085e+02
6.109999999999897682e+02 1.830318884220354789e+02
6.111999999999897000e+02 1.809405485527544499e+02
6.113999999999896318e+02 1.793110550887021475e+02
6.115999999999896772e+02 1.791492903828197711e+02
6.117999999999897227e+02 1.781149766573295778e+02
6.119999999999896545e+02 1.760540289449112947e+02
6.121999999999895863e+02 1.755823786181138928e+02
6.123999999999896318e+02 1.734803361344537791e+02
6.125999999999896772e+02 1.729347478991596745e+02
6.127999999999896090e+02 1.721982282913165534e+02
6.129999999999895408e+02 1.724840943043884351e+02
6.131999999999895863e+02 1.719009243697478837e+02
6.133999999999896318e+02 1.704850746965452970e+02
6.135999999999895635e+02 1.699433112874779681e+02
6.137999999999894953e+02 1.693930785296575152e+02
6.139999999999895408e+02 1.688706468253968467e+02
6.141999999999895863e+02 1.682405357142857270e+02
6.143999999999895181e+02 1.675024801587301511e+02
6.145999999999894499e+02 1.668615277777777806e+02
6.147999999999894953e+02 1.664749999999999943e+02
6.149999999999895408e+02 1.664388888888888687e+02
6.151999999999894726e+02 1.665561111111111074e+02
6.153999999999894044e+02 1.666361111111111200e+02
6.155999999999894499e+02 1.667394444444444730e+02
6.157999999999894953e+02 1.670000000000000000e+02
6.159999999999894271e+02 1.672394444444444446e+02
6.161999999999893589e+02 1.675183333333333735e+02
6.163999999999894044e+02 1.677527777777777942e+02
6.165999999999894499e+02 1.678688888888889039e+02
6.167999999999893816e+02 1.679655555555555679e+02
6.169999999999893134e+02 1.681600000000000250e+02
6.171999999999893589e+02 1.685633333333333326e+02
6.173999999999894044e+02 1.688613055555555604e+02
6.175999999999893362e+02 1.690369116161616034e+02
6.177999999999892680e+02 1.692989255050504767e+02
6.179999999999893134e+02 1.696440109751359273e+02
6.181999999999893589e+02 1.697541979052693364e+02
6.183999999999892907e+02 1.699773909297772718e+02
6.185999999999892225e+02 1.702040079908014434e+02
6.187999999999892680e+02 1.701904695314897538e+02
6.189999999999893134e+02 1.698084063057857236e+02
6.191999999999892452e+02 1.692941940974435227e+02
6.193999999999891770e+02 1.687131334107069449e+02
6.195999999999892225e+02 1.679727834079435809e+02
6.197999999999892680e+02 1.670080130988574183e+02
6.199999999999891998e+02 1.659094126622288456e+02
6.201999999999891315e+02 1.646200409276049754e+02
6.203999999999891770e+02 1.631956299263950996e+02
6.205999999999892225e+02 1.617663010734066802e+02
6.207999999999891543e+02 1.603867366627509341e+02
6.209999999999890861e+02 1.591114013295295138e+02
6.211999999999891315e+02 1.579192636382771013e+02
6.213999999999891770e+02 1.568572264828881941e+02
6.215999999999891088e+02 1.558669512511482083e+02
6.217999999999890406e+02 1.549489596236258819e+02
6.219999999999890861e+02 1.540661651202147482e+02
6.221999999999891315e+02 1.530054111519608000e+02
6.223999999999890633e+02 1.519611611519607663e+02
6.225999999999889951e+02 1.509763725490196009e+02
6.227999999999890406e+02 1.500965655637255054e+02
6.229999999999890861e+02 1.493549266748366051e+02
6.231999999999890179e+02 1.488010377859477273e+02
6.233999999999889496e+02 1.482303214635624045e+02
6.235999999999889951e+02 1.478222378178666645e+02
6.237999999999890406e+02 1.476706411877735263e+02
6.239999999999889724e+02 1.477033596158289868e+02
6.241999999999889042e+02 1.479482175096146079e+02
6.243999999999889496e+02 1.482529036455182450e+02
6.245999999999889951e+02 1.486541700859548598e+02
6.247999999999889269e+02 1.491426684566964980e+02
6.249999999999888587e+02 1.495945824929340233e+02
6.251999999999889042e+02 1.500406982056614424e+02
6.253999999999889496e+02 1.504876954617953402e+02
6.255999999999888814e+02 1.509809068076531275e+02
6.257999999999888132e+02 1.515160021215168342e+02
6.259999999999888587e+02 1.520597799808913919e+02
6.261999999999889042e+02 1.525932822912381823e+02
6.263999999999888360e+02 1.530064283126323517e+02
6.265999999999887677e+02 1.530765998192628388e+02
6.267999999999888132e+02 1.528152773363000563e+02
6.269999999999888587e+02 1.522138355163355072e+02
6.271999999999887905e+02 1.510717495143745168e+02
6.273999999999887223e+02 1.496224760101010247e+02
6.275999999999887677e+02 1.479460176767676671e+02
6.277999999999888132e+02 1.461453611111111002e+02
6.279999999999887450e+02 1.443249999999999886e+02
6.281999999999886768e+02 1.424427777777777919e+02
6.283999999999887223e+02 1.408327777777777783e+02
6.285999999999887677e+02 1.394538888888888835e+02
6.287999999999886995e+02 1.382022222222222183e+02
6.289999999999886313e+02 1.371716666666666526e+02
6.291999999999886768e+02 1.363905555555555509e+02
6.293999999999887223e+02 1.356349999999999909e+02
6.295999999999886541e+02 1.347216666666666640e+02
6.297999999999885858e+02 1.336366666666666561e+02
6.299999999999886313e+02 1.325400000000000205e+02
6.301999999999886768e+02 1.313188888888888926e+02
6.303999999999886086e+02 1.300672222222222274e+02
6.305999999999885404e+02 1.289394444444444616e+02
6.307999999999885858e+02 1.279705555555555776e+02
6.309999999999886313e+02 1.271338888888888761e+02
6.311999999999885631e+02 1.264094444444444463e+02
6.313999999999884949e+02 1.259527777777777544e+02
6.315999999999885404e+02 1.255877777777777737e+02
6.317999999999885858e+02 1.250411111111111211e+02
6.319999999999885176e+02 1.243205555555555577e+02
6.321999999999884494e+02 1.236138888888888658e+02
6.323999999999884949e+02 1.228288055555555331e+02
6.325999999999885404e+02 1.217527954545454349e+02
6.327999999999884722e+02 1.204198093434343235e+02
6.329999999999884039e+02 1.188599375485625131e+02
6.331999999999884494e+02 1.161623743848743828e+02
6.333999999999884949e+02 1.136148422158649254e+02
6.335999999999884267e+02 1.113953261291848094e+02
6.337999999999883585e+02 1.095905235971136591e+02
6.339999999999884039e+02 1.078953470976735503e+02
6.341999999999884494e+02 1.063284320383613135e+02
6.343999999999883812e+02 1.049076259134837414e+02
6.345999999999883130e+02 1.037053694324466306e+02
6.347999999999883585e+02 1.026576747010595767e+02
6.349999999999884039e+02 1.016664929517649938e+02
6.351999999999883357e+02 1.007403336809195338e+02
6.353999999999882675e+02 9.983872603116859068e+01
6.355999999999883130e+02 9.887088584840589078e+01
6.357999999999883585e+02 9.790148070907370936e+01
6.359999999999882903e+02 9.692683522849698363e+01
6.361999999999882220e+02 9.598102807708812634e+01
6.363999999999882675e+02 9.496326755848814116e+01
6.365999999999883130e+02 9.400570150631101285e+01
6.367999999999882448e+02 9.314440859019478580e+01
6.369999999999881766e+02 9.237573427287581751e+01
6.371999999999882220e+02 9.152156760620914611e+01
6.373999999999882675e+02 9.077337316176469528e+01
6.375999999999881993e+02 9.007073529411763957e+01
6.377999999999881311e+02 8.927423713235293690e+01
6.379999999999881766e+02 8.851832046568627277e+01
6.381999999999882220e+02 8.782022522759103822e+01
6.383999999999881538e+02 8.730028579117379195e+01
6.385999999999880856e+02 8.671655793187719041e+01
6.387999999999881311e+02 8.604145261799672539e+01
6.389999999999881766e+02 8.528172444997811397e+01
6.391999999999881084e+02 8.441215467235845438e+01
6.393999999999880401e+02 8.349241412350625069e+01
6.395999999999880856e+02 8.262938963566638506e+01
6.397999999999881311e+02 8.179437056178095133e+01
6.399999999999880629e+02 8.103164416413230242e+01
6.401999999999879947e+02 8.024288415478856962e+01
6.403999999999880401e+02 7.955413303368931111e+01
6.405999999999880856e+02 7.887650286425760271e+01
6.407999999999880174e+02 7.820546799091734158e+01
6.409999999999879492e+02 7.752469539227739403e+01
6.411999999999879947e+02 7.677968320796850321e+01
6.413999999999880401e+02 7.584527186015237987e+01
6.415999999999879719e+02 7.473760678331329643e+01
6.417999999999879037e+02 7.350633007144371334e+01
6.419999999999879492e+02 7.209700187378759040e+01
6.421999999999879947e+02 7.048220911033412506e+01
6.423999999999879265e+02 6.934571338383838679e+01
6.425999999999878582e+02 6.820008838383839134e+01
6.427999999999879037e+02 6.708736111111110745e+01
6.429999999999879492e+02 6.607833333333331893e+01
6.431999999999878810e+02 6.524777777777777032e+01
6.433999999999878128e+02 6.440666666666666629e+01
6.435999999999878582e+02 6.353055555555556566e+01
6.437999999999879037e+02 6.270388888888889056e+01
6.439999999999878355e+02 6.180833333333333712e+01
6.441999999999877673e+02 6.088111111111111029e+01
6.443999999999878128e+02 5.994777777777778738e+01
6.445999999999878582e+02 5.894888888888890222e+01
6.447999999999877900e+02 5.788277777777777544e+01
6.449999999999877218e+02 5.680111111111110489e+01
6.451999999999877673e+02 5.578722222222222626e+01
6.453999999999878128e+02 5.485277777777778141e+01
6.455999999999877446e+02 5.388277777777777544e+01
6.457999999999876763e+02 5.289111111111110120e+01
6.459999999999877218e+02 5.190166666666666373e+01
6.461999999999877673e+02 5.087111111111111228e+01
6.463999999999876991e+02 4.985000000000000853e+01
6.465999999999876309e+02 4.883555555555555117e+01
6.467999999999876763e+02 4.780277777777777004e+01
6.469999999999877218e+02 4.670055555555554605e+01
6.471999999999876536e+02 4.548555555555555685e+01
6.473999999999875854e+02 4.433156944444444747e+01
6.475999999999876309e+02 4.328087500000000176e+01
6.477999999999876763e+02 4.217413888888889772e+01
6.479999999999876081e+02 4.118786111111111126e+01
6.481999999999875399e+02 4.000158730158729981e+01
6.483999999999875854e+02 3.924441798941798965e+01
6.485999999999876309e+02 3.859472222222221660e+01
6.487999999999875627e+02 3.798117724867724121e+01
6.489999999999874944e+02 3.741616402116401474e+01
6.491999999999875399e+02 3.679883597883597446e+01
6.493999999999875854e+02 3.618521164021164083e+01
6.495999999999875172e+02 3.571126984126983928e+01
6.497999999999874490e+02 3.524738095238095781e+01
6.499999999999874944e+02 3.477396825396825619e+01
6.501999999999875399e+02 3.427515873015872927e+01
6.503999999999874717e+02 3.374513227513227775e+01
6.505999999999874035e+02 3.331034391534391403e+01
6.507999999999874490e+02 3.295174603174604044e+01
6.509999999999874944e+02 3.265187830687831649e+01
6.511999999999874262e+02 3.238640211640212385e+01
6.513999999999873580e+02 3.209667989417988565e+01
6.515999999999874035e+02 3.182128306878307100e+01
6.517999999999874490e+02 3.159291005291005305e+01
6.519999999999873808e+02 3.132335978835978807e+01
6.521999999999873125e+02 3.092363888888888823e+01
6.523999999999873580e+02 3.057936111111110833e+01
6.525999999999874035e+02 3.023445833333332899e+01
6.527999999999873353e+02 2.995437499999999886e+01
6.529999999999872671e+02 2.967333333333333556e+01
6.531999999999873125e+02 2.938333333333332575e+01
6.533999999999873580e+02 2.901166666666666671e+01
6.535999999999872898e+02 2.860277777777777786e+01
6.537999999999872216e+02 2.826388888888888573e+01
6.539999999999872671e+02 2.798555555555555685e+01
6.541999999999873125e+02 2.779944444444443974e+01
6.543999999999872443e+02 2.760722222222221944e+01
6.545999999999871761e+02 2.727944444444444372e+01
6.547999999999872216e+02 2.691388888888889142e+01
6.549999999999872671e+02 2.653333333333333854e+01
6.551999999999871989e+02 2.615500000000000114e+01
6.553999999999871306e+02 2.570166666666666444e+01
6.555999999999871761e+02 2.516999999999999815e+01
6.557999999999872216e+02 2.458666666666666600e+01
6.559999999999871534e+02 2.397833333333333172e+01
6.561999999999870852e+02 2.331555555555555515e+01
6.563999999999871306e+02 2.267888888888888488e+01
6.565999999999871761e+02 2.197055555555555273e+01
6.567999999999871079e+02 2.124722222222222356e+01
6.569999999999870397e+02 2.058388888888888602e+01
6.571999999999870852e+02 2.000222222222222257e+01
6.573999999999871306e+02 1.945333333333333314e+01
6.575999999999870624e+02 1.887722222222222257e+01
6.577999999999869942e+02 1.823722222222222200e+01
6.579999999999870397e+02 1.759611111111111015e+01
6.581999999999870852e+02 1.699611111111110873e+01
6.583999999999870170e+02 1.635777777777777686e+01
6.585999999999869488e+02 1.570500000000000185e+01
6.587999999999869942e+02 1.496555555555555728e+01
6.589999999999870397e+02 1.423055555555555429e+01
6.591999999999869715e+02 1.354333333333333123e+01
6.593999999999869033e+02 1.289499999999999602e+01
6.595999999999869488e+02 1.230145833333333094e+01
6.597999999999869942e+02 1.172788690476190432e+01
6.599999999999869260e+02 1.113316468253968239e+01
6.601999999999868578e+02 1.069483134920634981e+01
6.603999999999869033e+02 1.044002715121136049e+01
6.605999999999869488e+02 1.025320767195767324e+01
6.607999999999868805e+02 1.006271008403361122e+01
6.609999999999868123e+02 9.815066964285712459e+00
6.611999999999868578e+02 9.532182539682539257e+00
6.613999999999869033e+02 9.295393990929701644e+00
6.615999999999868351e+02 9.040125152625151372e+00
6.617999999999867669e+02 8.809904100529097448e+00
